    1.0000E-11   0.00000E+00 0.0000
    4.0000E-09   0.00000E+00 0.0000
    1.0000E-08   0.00000E+00 0.0000
    2.5300E-08   0.00000E+00 0.0000
    4.0000E-08   0.00000E+00 0.0000
    5.0000E-08   0.00000E+00 0.0000
    6.0000E-08   0.00000E+00 0.0000
    8.0000E-08   0.00000E+00 0.0000
    1.0000E-07   0.00000E+00 0.0000
    1.5000E-07   0.00000E+00 0.0000
    2.0000E-07   0.00000E+00 0.0000
    2.5000E-07   0.00000E+00 0.0000
    3.2500E-07   0.00000E+00 0.0000
    3.5000E-07   0.00000E+00 0.0000
    3.7500E-07   0.00000E+00 0.0000
    4.5000E-07   0.00000E+00 0.0000
    6.2500E-07   0.00000E+00 0.0000
    1.0100E-06   0.00000E+00 0.0000
    1.0800E-06   0.00000E+00 0.0000
    1.1300E-06   0.00000E+00 0.0000
    5.0000E-06   0.00000E+00 0.0000
    6.2500E-06   0.00000E+00 0.0000
    6.5000E-06   0.00000E+00 0.0000
    6.8800E-06   0.00000E+00 0.0000
    7.0000E-06   0.00000E+00 0.0000
    2.0500E-05   0.00000E+00 0.0000
    2.1200E-05   0.00000E+00 0.0000
    2.1800E-05   0.00000E+00 0.0000
    3.6000E-05   0.00000E+00 0.0000
    3.7100E-05   0.00000E+00 0.0000
    6.5000E-05   0.00000E+00 0.0000
    6.7500E-05   0.00000E+00 0.0000
    1.0100E-04   0.00000E+00 0.0000
    1.0500E-04   0.00000E+00 0.0000
    1.1600E-04   0.00000E+00 0.0000
    1.1800E-04   0.00000E+00 0.0000
    1.8800E-04   0.00000E+00 0.0000
    1.9200E-04   0.00000E+00 0.0000
    2.2500E-03   0.00000E+00 0.0000
    3.7400E-03   0.00000E+00 0.0000
    1.7000E-02   1.45667E-07 0.1474
    2.0000E-02   6.96666E-08 0.2132
    5.0000E-02   6.61833E-07 0.0702
    2.0000E-01   2.73283E-06 0.0346
    2.7000E-01   1.13367E-06 0.0534
    3.3000E-01   1.16533E-06 0.0521
    4.7000E-01   3.34400E-06 0.0310
    6.0000E-01   4.53466E-06 0.0265
    7.5000E-01   4.35416E-06 0.0271
    8.6100E-01   3.29650E-06 0.0310
    1.2000E+00   1.06400E-05 0.0173
    1.5000E+00   1.15900E-05 0.0165
    1.8500E+00   1.65521E-05 0.0138
    3.0000E+00   6.82099E-05 0.0068
    4.3000E+00   5.36148E-05 0.0077
    6.4300E+00   2.67995E-05 0.0109
    2.0000E+01   2.42883E-06 0.0361
