    1.0000E-11   0.00000E+00 0.0000
    4.0000E-09   0.00000E+00 0.0000
    1.0000E-08   0.00000E+00 0.0000
    2.5300E-08   0.00000E+00 0.0000
    4.0000E-08   0.00000E+00 0.0000
    5.0000E-08   0.00000E+00 0.0000
    6.0000E-08   0.00000E+00 0.0000
    8.0000E-08   0.00000E+00 0.0000
    1.0000E-07   0.00000E+00 0.0000
    1.5000E-07   0.00000E+00 0.0000
    2.0000E-07   0.00000E+00 0.0000
    2.5000E-07   0.00000E+00 0.0000
    3.2500E-07   0.00000E+00 0.0000
    3.5000E-07   0.00000E+00 0.0000
    3.7500E-07   0.00000E+00 0.0000
    4.5000E-07   0.00000E+00 0.0000
    6.2500E-07   0.00000E+00 0.0000
    1.0100E-06   0.00000E+00 0.0000
    1.0800E-06   0.00000E+00 0.0000
    1.1300E-06   0.00000E+00 0.0000
    5.0000E-06   0.00000E+00 0.0000
    6.2500E-06   0.00000E+00 0.0000
    6.5000E-06   0.00000E+00 0.0000
    6.8800E-06   0.00000E+00 0.0000
    7.0000E-06   0.00000E+00 0.0000
    2.0500E-05   0.00000E+00 0.0000
    2.1200E-05   0.00000E+00 0.0000
    2.1800E-05   0.00000E+00 0.0000
    3.6000E-05   0.00000E+00 0.0000
    3.7100E-05   0.00000E+00 0.0000
    6.5000E-05   0.00000E+00 0.0000
    6.7500E-05   0.00000E+00 0.0000
    1.0100E-04   0.00000E+00 0.0000
    1.0500E-04   0.00000E+00 0.0000
    1.1600E-04   0.00000E+00 0.0000
    1.1800E-04   0.00000E+00 0.0000
    1.8800E-04   0.00000E+00 0.0000
    1.9200E-04   0.00000E+00 0.0000
    2.2500E-03   0.00000E+00 0.0000
    3.7400E-03   2.50287E-10 1.0000
    1.7000E-02   9.48165E-09 0.1650
    2.0000E-02   4.50757E-09 0.2449
    5.0000E-02   1.93711E-07 0.0363
    2.0000E-01   7.70635E-06 0.0057
    2.7000E-01   3.60916E-06 0.0084
    3.3000E-01   2.50950E-06 0.0101
    4.7000E-01   6.23625E-06 0.0064
    6.0000E-01   2.79918E-05 0.0030
    7.5000E-01   5.88569E-07 0.0225
    8.6100E-01   5.20412E-07 0.0254
    1.2000E+00   1.58158E-06 0.0134
    1.5000E+00   4.62672E-07 0.0258
    1.8500E+00   9.05583E-07 0.0177
    3.0000E+00   8.89157E-07 0.0190
    4.3000E+00   3.82773E-07 0.0285
    6.4300E+00   1.24457E-06 0.0144
    2.0000E+01   9.84267E-09 0.1661
