    1.0000E-11   0.00000E+00 0.0000
    4.0000E-09   0.00000E+00 0.0000
    1.0000E-08   0.00000E+00 0.0000
    2.5300E-08   0.00000E+00 0.0000
    4.0000E-08   0.00000E+00 0.0000
    5.0000E-08   0.00000E+00 0.0000
    6.0000E-08   0.00000E+00 0.0000
    8.0000E-08   0.00000E+00 0.0000
    1.0000E-07   0.00000E+00 0.0000
    1.5000E-07   0.00000E+00 0.0000
    2.0000E-07   0.00000E+00 0.0000
    2.5000E-07   0.00000E+00 0.0000
    3.2500E-07   0.00000E+00 0.0000
    3.5000E-07   0.00000E+00 0.0000
    3.7500E-07   0.00000E+00 0.0000
    4.5000E-07   0.00000E+00 0.0000
    6.2500E-07   0.00000E+00 0.0000
    1.0100E-06   0.00000E+00 0.0000
    1.0800E-06   0.00000E+00 0.0000
    1.1300E-06   0.00000E+00 0.0000
    5.0000E-06   0.00000E+00 0.0000
    6.2500E-06   0.00000E+00 0.0000
    6.5000E-06   0.00000E+00 0.0000
    6.8800E-06   0.00000E+00 0.0000
    7.0000E-06   0.00000E+00 0.0000
    2.0500E-05   0.00000E+00 0.0000
    2.1200E-05   0.00000E+00 0.0000
    2.1800E-05   0.00000E+00 0.0000
    3.6000E-05   0.00000E+00 0.0000
    3.7100E-05   0.00000E+00 0.0000
    6.5000E-05   0.00000E+00 0.0000
    6.7500E-05   0.00000E+00 0.0000
    1.0100E-04   0.00000E+00 0.0000
    1.0500E-04   0.00000E+00 0.0000
    1.1600E-04   0.00000E+00 0.0000
    1.1800E-04   0.00000E+00 0.0000
    1.8800E-04   0.00000E+00 0.0000
    1.9200E-04   0.00000E+00 0.0000
    2.2500E-03   1.65065E-07 0.1093
    3.7400E-03   1.50803E-07 0.1079
    1.7000E-02   5.87608E-06 0.1672
    2.0000E-02   4.57256E-07 0.0691
    5.0000E-02   1.89280E-05 0.0403
    2.0000E-01   2.97359E-04 0.0074
    2.7000E-01   1.61774E-04 0.0045
    3.3000E-01   1.98695E-04 0.0047
    4.7000E-01   6.96957E-04 0.0035
    6.0000E-01   1.65801E-03 0.0028
    7.5000E-01   1.00824E-03 0.0034
    8.6100E-01   8.02498E-04 0.0040
    1.2000E+00   2.71801E-03 0.0034
    1.5000E+00   2.65443E-03 0.0046
    1.8500E+00   3.13411E-03 0.0039
    3.0000E+00   8.63949E-03 0.0027
    4.3000E+00   5.14439E-03 0.0034
    6.4300E+00   2.60536E-03 0.0050
    2.0000E+01   3.51088E-04 0.0144
