    1.0000E-11   0.00000E+00 0.0000
    4.0000E-09   0.00000E+00 0.0000
    1.0000E-08   0.00000E+00 0.0000
    2.5300E-08   0.00000E+00 0.0000
    4.0000E-08   0.00000E+00 0.0000
    5.0000E-08   0.00000E+00 0.0000
    6.0000E-08   0.00000E+00 0.0000
    8.0000E-08   0.00000E+00 0.0000
    1.0000E-07   0.00000E+00 0.0000
    1.5000E-07   0.00000E+00 0.0000
    2.0000E-07   0.00000E+00 0.0000
    2.5000E-07   0.00000E+00 0.0000
    3.2500E-07   0.00000E+00 0.0000
    3.5000E-07   0.00000E+00 0.0000
    3.7500E-07   0.00000E+00 0.0000
    4.5000E-07   0.00000E+00 0.0000
    6.2500E-07   0.00000E+00 0.0000
    1.0100E-06   0.00000E+00 0.0000
    1.0800E-06   0.00000E+00 0.0000
    1.1300E-06   0.00000E+00 0.0000
    5.0000E-06   0.00000E+00 0.0000
    6.2500E-06   0.00000E+00 0.0000
    6.5000E-06   0.00000E+00 0.0000
    6.8800E-06   0.00000E+00 0.0000
    7.0000E-06   0.00000E+00 0.0000
    2.0500E-05   0.00000E+00 0.0000
    2.1200E-05   0.00000E+00 0.0000
    2.1800E-05   0.00000E+00 0.0000
    3.6000E-05   0.00000E+00 0.0000
    3.7100E-05   0.00000E+00 0.0000
    6.5000E-05   0.00000E+00 0.0000
    6.7500E-05   0.00000E+00 0.0000
    1.0100E-04   0.00000E+00 0.0000
    1.0500E-04   0.00000E+00 0.0000
    1.1600E-04   0.00000E+00 0.0000
    1.1800E-04   0.00000E+00 0.0000
    1.8800E-04   0.00000E+00 0.0000
    1.9200E-04   0.00000E+00 0.0000
    2.2500E-03   0.00000E+00 0.0000
    3.7400E-03   0.00000E+00 0.0000
    1.7000E-02   3.80000E-07 0.3118
    2.0000E-02   6.33333E-08 0.7071
    5.0000E-02   1.67833E-06 0.1567
    2.0000E-01   2.22300E-05 0.0418
    2.7000E-01   1.20017E-05 0.0532
    3.3000E-01   1.43133E-05 0.0480
    4.7000E-01   5.21233E-05 0.0253
    6.0000E-01   1.25463E-04 0.0162
    7.5000E-01   7.24533E-05 0.0212
    8.6100E-01   5.66199E-05 0.0237
    1.2000E+00   1.80911E-04 0.0133
    1.5000E+00   1.77586E-04 0.0134
    1.8500E+00   2.15206E-04 0.0122
    3.0000E+00   6.46791E-04 0.0070
    4.3000E+00   4.05871E-04 0.0088
    6.4300E+00   1.90760E-04 0.0129
    2.0000E+01   1.88733E-05 0.0410
