    1.0000E-11   0.00000E+00 0.0000
    4.0000E-09   0.00000E+00 0.0000
    1.0000E-08   0.00000E+00 0.0000
    2.5300E-08   0.00000E+00 0.0000
    4.0000E-08   0.00000E+00 0.0000
    5.0000E-08   0.00000E+00 0.0000
    6.0000E-08   0.00000E+00 0.0000
    8.0000E-08   0.00000E+00 0.0000
    1.0000E-07   0.00000E+00 0.0000
    1.5000E-07   0.00000E+00 0.0000
    2.0000E-07   0.00000E+00 0.0000
    2.5000E-07   0.00000E+00 0.0000
    3.2500E-07   0.00000E+00 0.0000
    3.5000E-07   0.00000E+00 0.0000
    3.7500E-07   0.00000E+00 0.0000
    4.5000E-07   0.00000E+00 0.0000
    6.2500E-07   0.00000E+00 0.0000
    1.0100E-06   0.00000E+00 0.0000
    1.0800E-06   0.00000E+00 0.0000
    1.1300E-06   0.00000E+00 0.0000
    5.0000E-06   0.00000E+00 0.0000
    6.2500E-06   0.00000E+00 0.0000
    6.5000E-06   0.00000E+00 0.0000
    6.8800E-06   0.00000E+00 0.0000
    7.0000E-06   0.00000E+00 0.0000
    2.0500E-05   0.00000E+00 0.0000
    2.1200E-05   0.00000E+00 0.0000
    2.1800E-05   0.00000E+00 0.0000
    3.6000E-05   0.00000E+00 0.0000
    3.7100E-05   0.00000E+00 0.0000
    6.5000E-05   0.00000E+00 0.0000
    6.7500E-05   0.00000E+00 0.0000
    1.0100E-04   0.00000E+00 0.0000
    1.0500E-04   0.00000E+00 0.0000
    1.1600E-04   0.00000E+00 0.0000
    1.1800E-04   0.00000E+00 0.0000
    1.8800E-04   0.00000E+00 0.0000
    1.9200E-04   0.00000E+00 0.0000
    2.2500E-03   0.00000E+00 0.0000
    3.7400E-03   3.59365E-09 0.5926
    1.7000E-02   1.80888E-07 0.0806
    2.0000E-02   2.28090E-08 0.2337
    5.0000E-02   4.10480E-07 0.0539
    2.0000E-01   1.20403E-05 0.0101
    2.7000E-01   6.99126E-06 0.0128
    3.3000E-01   1.07475E-05 0.0103
    4.7000E-01   4.45993E-05 0.0051
    6.0000E-01   2.41361E-04 0.0021
    7.5000E-01   3.41582E-05 0.0059
    8.6100E-01   4.59507E-05 0.0054
    1.2000E+00   2.28259E-04 0.0022
    1.5000E+00   3.66104E-05 0.0059
    1.8500E+00   1.11253E-04 0.0032
    3.0000E+00   8.40382E-05 0.0038
    4.3000E+00   3.32663E-05 0.0060
    6.4300E+00   1.19213E-05 0.0102
    2.0000E+01   2.46696E-07 0.0764
