    1.0000E-11   0.00000E+00 0.0000
    4.0000E-09   0.00000E+00 0.0000
    1.0000E-08   5.05390E-10 1.0000
    2.5300E-08   1.14048E-09 0.7456
    4.0000E-08   1.95537E-09 0.5979
    5.0000E-08   5.04802E-10 1.0000
    6.0000E-08   3.50359E-09 0.5019
    8.0000E-08   3.27052E-09 0.5212
    1.0000E-07   3.73088E-09 0.4644
    1.5000E-07   7.72848E-09 0.3363
    2.0000E-07   1.84214E-08 0.2109
    2.5000E-07   1.09835E-08 0.2831
    3.2500E-07   2.05579E-08 0.2082
    3.5000E-07   5.91914E-09 0.3840
    3.7500E-07   6.55521E-09 0.3633
    4.5000E-07   1.86956E-08 0.2241
    6.2500E-07   5.11983E-08 0.1314
    1.0100E-06   1.25369E-07 0.0853
    1.0800E-06   3.39757E-08 0.1638
    1.1300E-06   1.73975E-08 0.2253
    5.0000E-06   1.33342E-06 0.0264
    6.2500E-06   4.13718E-07 0.0474
    6.5000E-06   7.16188E-08 0.1152
    6.8800E-06   1.25164E-07 0.0865
    7.0000E-06   3.05262E-08 0.1763
    2.0500E-05   3.45803E-06 0.0165
    2.1200E-05   1.63461E-07 0.0756
    2.1800E-05   1.33871E-07 0.0836
    3.6000E-05   2.59867E-06 0.0190
    3.7100E-05   1.75796E-07 0.0738
    6.5000E-05   3.88072E-06 0.0156
    6.7500E-05   2.77534E-07 0.0581
    1.0100E-04   3.28583E-06 0.0170
    1.0500E-04   3.25666E-07 0.0538
    1.1600E-04   9.27504E-07 0.0320
    1.1800E-04   1.47994E-07 0.0795
    1.8800E-04   4.56363E-06 0.0144
    1.9200E-04   2.22220E-07 0.0653
    2.2500E-03   3.26948E-05 0.0054
    3.7400E-03   8.32309E-06 0.0107
    1.7000E-02   2.88893E-05 0.0058
    2.0000E-02   3.63318E-06 0.0163
    5.0000E-02   2.40020E-05 0.0064
    2.0000E-01   6.61168E-05 0.0039
    2.7000E-01   3.00454E-05 0.0057
    3.3000E-01   2.84442E-05 0.0059
    4.7000E-01   1.12565E-04 0.0030
    6.0000E-01   9.97457E-05 0.0032
    7.5000E-01   1.38298E-04 0.0027
    8.6100E-01   1.33049E-04 0.0027
    1.2000E+00   4.56653E-04 0.0015
    1.5000E+00   4.50268E-04 0.0015
    1.8500E+00   5.31874E-04 0.0014
    3.0000E+00   9.06502E-04 0.0010
    4.3000E+00   4.53967E-04 0.0015
    6.4300E+00   5.55425E-04 0.0013
    2.0000E+01   4.40878E-04 0.0015
