    1.0000E-11   0.00000E+00 0.0000
    4.0000E-09   0.00000E+00 0.0000
    1.0000E-08   1.17417E-09 0.7122
    2.5300E-08   8.99857E-09 0.2907
    4.0000E-08   1.40214E-08 0.2302
    5.0000E-08   1.03721E-08 0.2690
    6.0000E-08   1.80377E-08 0.2130
    8.0000E-08   3.96500E-08 0.1403
    1.0000E-07   2.88355E-08 0.1624
    1.5000E-07   9.67543E-08 0.0913
    2.0000E-07   1.03343E-07 0.0908
    2.5000E-07   1.32598E-07 0.0803
    3.2500E-07   2.28793E-07 0.0608
    3.5000E-07   6.67573E-08 0.1136
    3.7500E-07   7.21529E-08 0.1079
    4.5000E-07   2.10559E-07 0.0641
    6.2500E-07   5.61752E-07 0.0395
    1.0100E-06   1.33324E-06 0.0258
    1.0800E-06   2.60261E-07 0.0587
    1.1300E-06   1.78515E-07 0.0709
    5.0000E-06   1.59982E-05 0.0076
    6.2500E-06   4.92675E-06 0.0138
    6.5000E-06   9.09811E-07 0.0321
    6.8800E-06   1.43891E-06 0.0255
    7.0000E-06   4.70532E-07 0.0447
    2.0500E-05   4.45086E-05 0.0046
    2.1200E-05   1.76641E-06 0.0232
    2.1800E-05   1.61141E-06 0.0243
    3.6000E-05   3.39365E-05 0.0053
    3.7100E-05   2.24361E-06 0.0207
    6.5000E-05   4.90244E-05 0.0044
    6.7500E-05   3.65361E-06 0.0162
    1.0100E-04   4.27946E-05 0.0047
    1.0500E-04   3.50332E-06 0.0165
    1.1600E-04   1.21885E-05 0.0089
    1.1800E-04   2.10432E-06 0.0214
    1.8800E-04   5.42661E-05 0.0041
    1.9200E-04   3.58705E-07 0.0495
    2.2500E-03   3.66737E-04 0.0016
    3.7400E-03   8.60666E-05 0.0033
    1.7000E-02   2.84005E-04 0.0018
    2.0000E-02   3.52592E-05 0.0052
    5.0000E-02   2.54362E-04 0.0019
    2.0000E-01   9.17732E-04 0.0010
    2.7000E-01   4.93311E-04 0.0014
    3.3000E-01   4.82278E-04 0.0014
    4.7000E-01   1.51735E-03 0.0008
    6.0000E-01   1.46288E-03 0.0008
    7.5000E-01   1.82602E-03 0.0007
    8.6100E-01   1.42385E-03 0.0008
    1.2000E+00   4.04228E-03 0.0005
    1.5000E+00   3.44536E-03 0.0005
    1.8500E+00   3.61593E-03 0.0005
    3.0000E+00   7.26729E-03 0.0004
    4.3000E+00   4.00725E-03 0.0005
    6.4300E+00   3.42381E-03 0.0005
    2.0000E+01   1.62252E-03 0.0008
