    1.0000E-11   0.00000E+00 0.0000
    4.0000E-09   0.00000E+00 0.0000
    1.0000E-08   1.37109E-10 1.0000
    2.5300E-08   8.26622E-09 0.2903
    4.0000E-08   9.86866E-09 0.2685
    5.0000E-08   6.42137E-09 0.4165
    6.0000E-08   8.22386E-09 0.2274
    8.0000E-08   1.99704E-08 0.1656
    1.0000E-07   3.77368E-08 0.1958
    1.5000E-07   1.17918E-07 0.1316
    2.0000E-07   1.09054E-07 0.0870
    2.5000E-07   1.30152E-07 0.1007
    3.2500E-07   2.04554E-07 0.0781
    3.5000E-07   6.77997E-08 0.1237
    3.7500E-07   5.51570E-08 0.1029
    4.5000E-07   2.55477E-07 0.0606
    6.2500E-07   5.68459E-07 0.0376
    1.0100E-06   1.48140E-06 0.0239
    1.0800E-06   2.93359E-07 0.0500
    1.1300E-06   1.87413E-07 0.0583
    5.0000E-06   1.62568E-05 0.0080
    6.2500E-06   4.99202E-06 0.0130
    6.5000E-06   9.97733E-07 0.0269
    6.8800E-06   1.49171E-06 0.0235
    7.0000E-06   4.17308E-07 0.0395
    2.0500E-05   4.53539E-05 0.0046
    2.1200E-05   1.90254E-06 0.0196
    2.1800E-05   1.71808E-06 0.0223
    3.6000E-05   3.41335E-05 0.0056
    3.7100E-05   2.30100E-06 0.0187
    6.5000E-05   4.99793E-05 0.0043
    6.7500E-05   3.76160E-06 0.0143
    1.0100E-04   4.27542E-05 0.0048
    1.0500E-04   3.69950E-06 0.0161
    1.1600E-04   1.23016E-05 0.0104
    1.1800E-04   2.05919E-06 0.0223
    1.8800E-04   5.21327E-05 0.0055
    1.9200E-04   5.21753E-07 0.0278
    2.2500E-03   3.76098E-04 0.0016
    3.7400E-03   8.82304E-05 0.0030
    1.7000E-02   3.00337E-04 0.0016
    2.0000E-02   3.74153E-05 0.0044
    5.0000E-02   2.75487E-04 0.0019
    2.0000E-01   1.00855E-03 0.0009
    2.7000E-01   5.56761E-04 0.0014
    3.3000E-01   5.55051E-04 0.0015
    4.7000E-01   1.86462E-03 0.0010
    6.0000E-01   1.74041E-03 0.0009
    7.5000E-01   2.18577E-03 0.0008
    8.6100E-01   1.74556E-03 0.0010
    1.2000E+00   5.02248E-03 0.0006
    1.5000E+00   4.31145E-03 0.0006
    1.8500E+00   4.54182E-03 0.0006
    3.0000E+00   8.77365E-03 0.0004
    4.3000E+00   4.62184E-03 0.0006
    6.4300E+00   3.87880E-03 0.0007
    2.0000E+01   1.83830E-03 0.0009
