                 1.00994E-10 0.0099
                 2.98486E-11 0.0044
                 1.02214E-10 0.0033
                 1.93469E-10 0.0030
                 3.04952E-10 0.0029
                 4.45799E-10 0.0029
                 6.36843E-10 0.0029
                 9.24597E-10 0.0028
                 1.43342E-09 0.0026
                 1.09835E-09 0.0034
                 1.74985E-09 0.0117
                 1.43677E-08 0.0087
                 2.82235E-08 0.0092
                 1.94241E-08 0.0117
