    1.0000E-11   0.00000E+00 0.0000
    4.0000E-09   0.00000E+00 0.0000
    1.0000E-08   0.00000E+00 0.0000
    2.5300E-08   0.00000E+00 0.0000
    4.0000E-08   0.00000E+00 0.0000
    5.0000E-08   0.00000E+00 0.0000
    6.0000E-08   0.00000E+00 0.0000
    8.0000E-08   0.00000E+00 0.0000
    1.0000E-07   0.00000E+00 0.0000
    1.5000E-07   0.00000E+00 0.0000
    2.0000E-07   0.00000E+00 0.0000
    2.5000E-07   0.00000E+00 0.0000
    3.2500E-07   0.00000E+00 0.0000
    3.5000E-07   0.00000E+00 0.0000
    3.7500E-07   0.00000E+00 0.0000
    4.5000E-07   0.00000E+00 0.0000
    6.2500E-07   0.00000E+00 0.0000
    1.0100E-06   0.00000E+00 0.0000
    1.0800E-06   0.00000E+00 0.0000
    1.1300E-06   0.00000E+00 0.0000
    5.0000E-06   0.00000E+00 0.0000
    6.2500E-06   0.00000E+00 0.0000
    6.5000E-06   0.00000E+00 0.0000
    6.8800E-06   0.00000E+00 0.0000
    7.0000E-06   0.00000E+00 0.0000
    2.0500E-05   0.00000E+00 0.0000
    2.1200E-05   0.00000E+00 0.0000
    2.1800E-05   0.00000E+00 0.0000
    3.6000E-05   0.00000E+00 0.0000
    3.7100E-05   0.00000E+00 0.0000
    6.5000E-05   0.00000E+00 0.0000
    6.7500E-05   0.00000E+00 0.0000
    1.0100E-04   0.00000E+00 0.0000
    1.0500E-04   0.00000E+00 0.0000
    1.1600E-04   0.00000E+00 0.0000
    1.1800E-04   0.00000E+00 0.0000
    1.8800E-04   0.00000E+00 0.0000
    1.9200E-04   0.00000E+00 0.0000
    2.2500E-03   2.05969E-17 0.5997
    3.7400E-03   4.90948E-15 0.9402
    1.7000E-02   2.38023E-13 0.0330
    2.0000E-02   1.65408E-13 0.0459
    5.0000E-02   5.74264E-12 0.0256
    2.0000E-01   3.91855E-11 0.0223
    2.7000E-01   2.34724E-11 0.0113
    3.3000E-01   1.59869E-11 0.0082
    4.7000E-01   1.23733E-11 0.0075
    6.0000E-01   3.73249E-12 0.0145
    7.5000E-01   8.68215E-14 0.0440
    8.6100E-01   4.99920E-15 0.1754
    1.2000E+00   6.93395E-16 0.3738
    1.5000E+00   0.00000E+00 0.0000
    1.8500E+00   0.00000E+00 0.0000
    3.0000E+00   0.00000E+00 0.0000
    4.3000E+00   0.00000E+00 0.0000
    6.4300E+00   0.00000E+00 0.0000
    2.0000E+01   0.00000E+00 0.0000
    1.0000E-11   0.00000E+00 0.0000
    4.0000E-09   0.00000E+00 0.0000
    1.0000E-08   0.00000E+00 0.0000
    2.5300E-08   0.00000E+00 0.0000
    4.0000E-08   0.00000E+00 0.0000
    5.0000E-08   0.00000E+00 0.0000
    6.0000E-08   0.00000E+00 0.0000
    8.0000E-08   0.00000E+00 0.0000
    1.0000E-07   0.00000E+00 0.0000
    1.5000E-07   0.00000E+00 0.0000
    2.0000E-07   0.00000E+00 0.0000
    2.5000E-07   0.00000E+00 0.0000
    3.2500E-07   0.00000E+00 0.0000
    3.5000E-07   0.00000E+00 0.0000
    3.7500E-07   0.00000E+00 0.0000
    4.5000E-07   0.00000E+00 0.0000
    6.2500E-07   0.00000E+00 0.0000
    1.0100E-06   0.00000E+00 0.0000
    1.0800E-06   0.00000E+00 0.0000
    1.1300E-06   0.00000E+00 0.0000
    5.0000E-06   0.00000E+00 0.0000
    6.2500E-06   0.00000E+00 0.0000
    6.5000E-06   0.00000E+00 0.0000
    6.8800E-06   0.00000E+00 0.0000
    7.0000E-06   0.00000E+00 0.0000
    2.0500E-05   0.00000E+00 0.0000
    2.1200E-05   0.00000E+00 0.0000
    2.1800E-05   0.00000E+00 0.0000
    3.6000E-05   0.00000E+00 0.0000
    3.7100E-05   0.00000E+00 0.0000
    6.5000E-05   0.00000E+00 0.0000
    6.7500E-05   0.00000E+00 0.0000
    1.0100E-04   0.00000E+00 0.0000
    1.0500E-04   0.00000E+00 0.0000
    1.1600E-04   0.00000E+00 0.0000
    1.1800E-04   0.00000E+00 0.0000
    1.8800E-04   0.00000E+00 0.0000
    1.9200E-04   0.00000E+00 0.0000
    2.2500E-03   0.00000E+00 0.0000
    3.7400E-03   8.19300E-17 0.7866
    1.7000E-02   2.68712E-14 0.0792
    2.0000E-02   2.68777E-14 0.0983
    5.0000E-02   1.77500E-12 0.0114
    2.0000E-01   1.12838E-11 0.0067
    2.7000E-01   3.17453E-12 0.0126
    3.3000E-01   2.29893E-12 0.0162
    4.7000E-01   6.23398E-12 0.0094
    6.0000E-01   4.43926E-12 0.0125
    7.5000E-01   4.77735E-13 0.0249
    8.6100E-01   9.65233E-14 0.0540
    1.2000E+00   1.49826E-14 0.1085
    1.5000E+00   0.00000E+00 0.0000
    1.8500E+00   0.00000E+00 0.0000
    3.0000E+00   0.00000E+00 0.0000
    4.3000E+00   0.00000E+00 0.0000
    6.4300E+00   0.00000E+00 0.0000
    2.0000E+01   0.00000E+00 0.0000
    1.0000E-11   0.00000E+00 0.0000
    4.0000E-09   0.00000E+00 0.0000
    1.0000E-08   0.00000E+00 0.0000
    2.5300E-08   0.00000E+00 0.0000
    4.0000E-08   0.00000E+00 0.0000
    5.0000E-08   0.00000E+00 0.0000
    6.0000E-08   0.00000E+00 0.0000
    8.0000E-08   0.00000E+00 0.0000
    1.0000E-07   0.00000E+00 0.0000
    1.5000E-07   0.00000E+00 0.0000
    2.0000E-07   0.00000E+00 0.0000
    2.5000E-07   0.00000E+00 0.0000
    3.2500E-07   0.00000E+00 0.0000
    3.5000E-07   0.00000E+00 0.0000
    3.7500E-07   0.00000E+00 0.0000
    4.5000E-07   0.00000E+00 0.0000
    6.2500E-07   0.00000E+00 0.0000
    1.0100E-06   0.00000E+00 0.0000
    1.0800E-06   0.00000E+00 0.0000
    1.1300E-06   0.00000E+00 0.0000
    5.0000E-06   0.00000E+00 0.0000
    6.2500E-06   0.00000E+00 0.0000
    6.5000E-06   0.00000E+00 0.0000
    6.8800E-06   0.00000E+00 0.0000
    7.0000E-06   0.00000E+00 0.0000
    2.0500E-05   0.00000E+00 0.0000
    2.1200E-05   0.00000E+00 0.0000
    2.1800E-05   0.00000E+00 0.0000
    3.6000E-05   0.00000E+00 0.0000
    3.7100E-05   0.00000E+00 0.0000
    6.5000E-05   0.00000E+00 0.0000
    6.7500E-05   0.00000E+00 0.0000
    1.0100E-04   0.00000E+00 0.0000
    1.0500E-04   0.00000E+00 0.0000
    1.1600E-04   0.00000E+00 0.0000
    1.1800E-04   0.00000E+00 0.0000
    1.8800E-04   0.00000E+00 0.0000
    1.9200E-04   0.00000E+00 0.0000
    2.2500E-03   3.01847E-17 0.7095
    3.7400E-03   5.93315E-17 0.4510
    1.7000E-02   8.46545E-14 0.0543
    2.0000E-02   7.45212E-14 0.0548
    5.0000E-02   5.92769E-12 0.0055
    2.0000E-01   3.77915E-11 0.0057
    2.7000E-01   9.37128E-12 0.0105
    3.3000E-01   6.86738E-12 0.0119
    4.7000E-01   1.47296E-11 0.0069
    6.0000E-01   1.99528E-11 0.0060
    7.5000E-01   5.99815E-12 0.0112
    8.6100E-01   9.21827E-13 0.0189
    1.2000E+00   4.87443E-13 0.0243
    1.5000E+00   7.07947E-15 0.1874
    1.8500E+00   3.92823E-17 1.0000
    3.0000E+00   0.00000E+00 0.0000
    4.3000E+00   0.00000E+00 0.0000
    6.4300E+00   0.00000E+00 0.0000
    2.0000E+01   0.00000E+00 0.0000
    1.0000E-11   0.00000E+00 0.0000
    4.0000E-09   0.00000E+00 0.0000
    1.0000E-08   0.00000E+00 0.0000
    2.5300E-08   0.00000E+00 0.0000
    4.0000E-08   0.00000E+00 0.0000
    5.0000E-08   0.00000E+00 0.0000
    6.0000E-08   0.00000E+00 0.0000
    8.0000E-08   0.00000E+00 0.0000
    1.0000E-07   0.00000E+00 0.0000
    1.5000E-07   0.00000E+00 0.0000
    2.0000E-07   0.00000E+00 0.0000
    2.5000E-07   0.00000E+00 0.0000
    3.2500E-07   0.00000E+00 0.0000
    3.5000E-07   0.00000E+00 0.0000
    3.7500E-07   0.00000E+00 0.0000
    4.5000E-07   0.00000E+00 0.0000
    6.2500E-07   0.00000E+00 0.0000
    1.0100E-06   0.00000E+00 0.0000
    1.0800E-06   0.00000E+00 0.0000
    1.1300E-06   0.00000E+00 0.0000
    5.0000E-06   0.00000E+00 0.0000
    6.2500E-06   0.00000E+00 0.0000
    6.5000E-06   0.00000E+00 0.0000
    6.8800E-06   0.00000E+00 0.0000
    7.0000E-06   0.00000E+00 0.0000
    2.0500E-05   0.00000E+00 0.0000
    2.1200E-05   0.00000E+00 0.0000
    2.1800E-05   0.00000E+00 0.0000
    3.6000E-05   0.00000E+00 0.0000
    3.7100E-05   0.00000E+00 0.0000
    6.5000E-05   0.00000E+00 0.0000
    6.7500E-05   0.00000E+00 0.0000
    1.0100E-04   0.00000E+00 0.0000
    1.0500E-04   0.00000E+00 0.0000
    1.1600E-04   0.00000E+00 0.0000
    1.1800E-04   0.00000E+00 0.0000
    1.8800E-04   0.00000E+00 0.0000
    1.9200E-04   0.00000E+00 0.0000
    2.2500E-03   2.20158E-16 0.7609
    3.7400E-03   6.48898E-16 0.3940
    1.7000E-02   1.65036E-13 0.0462
    2.0000E-02   1.49410E-13 0.0468
    5.0000E-02   1.08192E-11 0.0052
    2.0000E-01   6.69590E-11 0.0055
    2.7000E-01   1.51678E-11 0.0109
    3.3000E-01   1.14248E-11 0.0116
    4.7000E-01   2.17287E-11 0.0070
    6.0000E-01   2.62136E-11 0.0056
    7.5000E-01   2.84396E-11 0.0054
    8.6100E-01   8.31135E-12 0.0103
    1.2000E+00   3.84912E-12 0.0113
    1.5000E+00   2.29428E-13 0.0383
    1.8500E+00   1.09741E-14 0.1659
    3.0000E+00   0.00000E+00 0.0000
    4.3000E+00   0.00000E+00 0.0000
    6.4300E+00   0.00000E+00 0.0000
    2.0000E+01   0.00000E+00 0.0000
    1.0000E-11   0.00000E+00 0.0000
    4.0000E-09   0.00000E+00 0.0000
    1.0000E-08   0.00000E+00 0.0000
    2.5300E-08   0.00000E+00 0.0000
    4.0000E-08   0.00000E+00 0.0000
    5.0000E-08   0.00000E+00 0.0000
    6.0000E-08   0.00000E+00 0.0000
    8.0000E-08   0.00000E+00 0.0000
    1.0000E-07   0.00000E+00 0.0000
    1.5000E-07   0.00000E+00 0.0000
    2.0000E-07   0.00000E+00 0.0000
    2.5000E-07   0.00000E+00 0.0000
    3.2500E-07   0.00000E+00 0.0000
    3.5000E-07   0.00000E+00 0.0000
    3.7500E-07   0.00000E+00 0.0000
    4.5000E-07   0.00000E+00 0.0000
    6.2500E-07   0.00000E+00 0.0000
    1.0100E-06   0.00000E+00 0.0000
    1.0800E-06   0.00000E+00 0.0000
    1.1300E-06   0.00000E+00 0.0000
    5.0000E-06   0.00000E+00 0.0000
    6.2500E-06   0.00000E+00 0.0000
    6.5000E-06   0.00000E+00 0.0000
    6.8800E-06   0.00000E+00 0.0000
    7.0000E-06   0.00000E+00 0.0000
    2.0500E-05   0.00000E+00 0.0000
    2.1200E-05   0.00000E+00 0.0000
    2.1800E-05   0.00000E+00 0.0000
    3.6000E-05   0.00000E+00 0.0000
    3.7100E-05   0.00000E+00 0.0000
    6.5000E-05   0.00000E+00 0.0000
    6.7500E-05   0.00000E+00 0.0000
    1.0100E-04   0.00000E+00 0.0000
    1.0500E-04   0.00000E+00 0.0000
    1.1600E-04   0.00000E+00 0.0000
    1.1800E-04   0.00000E+00 0.0000
    1.8800E-04   0.00000E+00 0.0000
    1.9200E-04   0.00000E+00 0.0000
    2.2500E-03   8.65756E-17 0.3528
    3.7400E-03   3.89611E-15 0.3075
    1.7000E-02   3.05312E-13 0.0378
    2.0000E-02   2.28146E-13 0.0467
    5.0000E-02   1.58051E-11 0.0049
    2.0000E-01   9.48316E-11 0.0062
    2.7000E-01   1.99923E-11 0.0107
    3.3000E-01   1.48114E-11 0.0128
    4.7000E-01   3.02862E-11 0.0085
    6.0000E-01   3.01760E-11 0.0063
    7.5000E-01   3.18462E-11 0.0055
    8.6100E-01   2.74598E-11 0.0057
    1.2000E+00   3.57566E-11 0.0055
    1.5000E+00   2.97565E-12 0.0140
    1.8500E+00   4.47976E-13 0.0318
    3.0000E+00   2.52617E-14 0.1207
    4.3000E+00   0.00000E+00 0.0000
    6.4300E+00   0.00000E+00 0.0000
    2.0000E+01   0.00000E+00 0.0000
    1.0000E-11   0.00000E+00 0.0000
    4.0000E-09   0.00000E+00 0.0000
    1.0000E-08   0.00000E+00 0.0000
    2.5300E-08   0.00000E+00 0.0000
    4.0000E-08   0.00000E+00 0.0000
    5.0000E-08   0.00000E+00 0.0000
    6.0000E-08   0.00000E+00 0.0000
    8.0000E-08   0.00000E+00 0.0000
    1.0000E-07   0.00000E+00 0.0000
    1.5000E-07   0.00000E+00 0.0000
    2.0000E-07   0.00000E+00 0.0000
    2.5000E-07   0.00000E+00 0.0000
    3.2500E-07   0.00000E+00 0.0000
    3.5000E-07   0.00000E+00 0.0000
    3.7500E-07   0.00000E+00 0.0000
    4.5000E-07   0.00000E+00 0.0000
    6.2500E-07   0.00000E+00 0.0000
    1.0100E-06   0.00000E+00 0.0000
    1.0800E-06   0.00000E+00 0.0000
    1.1300E-06   0.00000E+00 0.0000
    5.0000E-06   0.00000E+00 0.0000
    6.2500E-06   0.00000E+00 0.0000
    6.5000E-06   0.00000E+00 0.0000
    6.8800E-06   0.00000E+00 0.0000
    7.0000E-06   0.00000E+00 0.0000
    2.0500E-05   0.00000E+00 0.0000
    2.1200E-05   0.00000E+00 0.0000
    2.1800E-05   0.00000E+00 0.0000
    3.6000E-05   0.00000E+00 0.0000
    3.7100E-05   0.00000E+00 0.0000
    6.5000E-05   0.00000E+00 0.0000
    6.7500E-05   0.00000E+00 0.0000
    1.0100E-04   0.00000E+00 0.0000
    1.0500E-04   0.00000E+00 0.0000
    1.1600E-04   0.00000E+00 0.0000
    1.1800E-04   0.00000E+00 0.0000
    1.8800E-04   0.00000E+00 0.0000
    1.9200E-04   0.00000E+00 0.0000
    2.2500E-03   1.09796E-15 0.5605
    3.7400E-03   9.07840E-15 0.3034
    1.7000E-02   5.94733E-13 0.0309
    2.0000E-02   3.46002E-13 0.0391
    5.0000E-02   2.02638E-11 0.0043
    2.0000E-01   1.18153E-10 0.0072
    2.7000E-01   2.41176E-11 0.0127
    3.3000E-01   1.79550E-11 0.0147
    4.7000E-01   3.83180E-11 0.0095
    6.0000E-01   3.54428E-11 0.0075
    7.5000E-01   3.27500E-11 0.0069
    8.6100E-01   2.63465E-11 0.0067
    1.2000E+00   8.72742E-11 0.0038
    1.5000E+00   3.61538E-11 0.0060
    1.8500E+00   6.75819E-12 0.0131
    3.0000E+00   1.31447E-12 0.0233
    4.3000E+00   1.19044E-16 0.8883
    6.4300E+00   0.00000E+00 0.0000
    2.0000E+01   0.00000E+00 0.0000
    1.0000E-11   0.00000E+00 0.0000
    4.0000E-09   0.00000E+00 0.0000
    1.0000E-08   0.00000E+00 0.0000
    2.5300E-08   0.00000E+00 0.0000
    4.0000E-08   0.00000E+00 0.0000
    5.0000E-08   0.00000E+00 0.0000
    6.0000E-08   0.00000E+00 0.0000
    8.0000E-08   0.00000E+00 0.0000
    1.0000E-07   0.00000E+00 0.0000
    1.5000E-07   0.00000E+00 0.0000
    2.0000E-07   0.00000E+00 0.0000
    2.5000E-07   0.00000E+00 0.0000
    3.2500E-07   0.00000E+00 0.0000
    3.5000E-07   0.00000E+00 0.0000
    3.7500E-07   0.00000E+00 0.0000
    4.5000E-07   0.00000E+00 0.0000
    6.2500E-07   0.00000E+00 0.0000
    1.0100E-06   0.00000E+00 0.0000
    1.0800E-06   0.00000E+00 0.0000
    1.1300E-06   0.00000E+00 0.0000
    5.0000E-06   0.00000E+00 0.0000
    6.2500E-06   0.00000E+00 0.0000
    6.5000E-06   0.00000E+00 0.0000
    6.8800E-06   0.00000E+00 0.0000
    7.0000E-06   0.00000E+00 0.0000
    2.0500E-05   0.00000E+00 0.0000
    2.1200E-05   0.00000E+00 0.0000
    2.1800E-05   0.00000E+00 0.0000
    3.6000E-05   0.00000E+00 0.0000
    3.7100E-05   0.00000E+00 0.0000
    6.5000E-05   0.00000E+00 0.0000
    6.7500E-05   0.00000E+00 0.0000
    1.0100E-04   0.00000E+00 0.0000
    1.0500E-04   0.00000E+00 0.0000
    1.1600E-04   0.00000E+00 0.0000
    1.1800E-04   0.00000E+00 0.0000
    1.8800E-04   0.00000E+00 0.0000
    1.9200E-04   0.00000E+00 0.0000
    2.2500E-03   2.50939E-15 0.3542
    3.7400E-03   1.49015E-14 0.1863
    1.7000E-02   1.21986E-12 0.0239
    2.0000E-02   5.11967E-13 0.0353
    5.0000E-02   2.40281E-11 0.0037
    2.0000E-01   1.32693E-10 0.0091
    2.7000E-01   2.62925E-11 0.0144
    3.3000E-01   1.99373E-11 0.0183
    4.7000E-01   4.66524E-11 0.0114
    6.0000E-01   4.02383E-11 0.0087
    7.5000E-01   3.63519E-11 0.0092
    8.6100E-01   2.78070E-11 0.0084
    1.2000E+00   9.16711E-11 0.0047
    1.5000E+00   8.58461E-11 0.0043
    1.8500E+00   6.90415E-11 0.0049
    3.0000E+00   3.42484E-11 0.0072
    4.3000E+00   2.86420E-13 0.0640
    6.4300E+00   1.42975E-16 0.7498
    2.0000E+01   0.00000E+00 0.0000
    1.0000E-11   0.00000E+00 0.0000
    4.0000E-09   0.00000E+00 0.0000
    1.0000E-08   0.00000E+00 0.0000
    2.5300E-08   0.00000E+00 0.0000
    4.0000E-08   0.00000E+00 0.0000
    5.0000E-08   0.00000E+00 0.0000
    6.0000E-08   0.00000E+00 0.0000
    8.0000E-08   0.00000E+00 0.0000
    1.0000E-07   0.00000E+00 0.0000
    1.5000E-07   0.00000E+00 0.0000
    2.0000E-07   0.00000E+00 0.0000
    2.5000E-07   0.00000E+00 0.0000
    3.2500E-07   0.00000E+00 0.0000
    3.5000E-07   0.00000E+00 0.0000
    3.7500E-07   0.00000E+00 0.0000
    4.5000E-07   0.00000E+00 0.0000
    6.2500E-07   0.00000E+00 0.0000
    1.0100E-06   0.00000E+00 0.0000
    1.0800E-06   0.00000E+00 0.0000
    1.1300E-06   0.00000E+00 0.0000
    5.0000E-06   0.00000E+00 0.0000
    6.2500E-06   0.00000E+00 0.0000
    6.5000E-06   0.00000E+00 0.0000
    6.8800E-06   0.00000E+00 0.0000
    7.0000E-06   0.00000E+00 0.0000
    2.0500E-05   0.00000E+00 0.0000
    2.1200E-05   0.00000E+00 0.0000
    2.1800E-05   0.00000E+00 0.0000
    3.6000E-05   0.00000E+00 0.0000
    3.7100E-05   0.00000E+00 0.0000
    6.5000E-05   0.00000E+00 0.0000
    6.7500E-05   0.00000E+00 0.0000
    1.0100E-04   0.00000E+00 0.0000
    1.0500E-04   0.00000E+00 0.0000
    1.1600E-04   0.00000E+00 0.0000
    1.1800E-04   0.00000E+00 0.0000
    1.8800E-04   0.00000E+00 0.0000
    1.9200E-04   0.00000E+00 0.0000
    2.2500E-03   8.36297E-15 0.1916
    3.7400E-03   5.12285E-14 0.1384
    1.7000E-02   2.56673E-12 0.0186
    2.0000E-02   9.94071E-13 0.0307
    5.0000E-02   2.75131E-11 0.0044
    2.0000E-01   1.36114E-10 0.0116
    2.7000E-01   2.68151E-11 0.0150
    3.3000E-01   2.13442E-11 0.0224
    4.7000E-01   5.09710E-11 0.0126
    6.0000E-01   4.56133E-11 0.0109
    7.5000E-01   4.05597E-11 0.0108
    8.6100E-01   3.00687E-11 0.0111
    1.2000E+00   9.59404E-11 0.0060
    1.5000E+00   9.21577E-11 0.0053
    1.8500E+00   1.09445E-10 0.0045
    3.0000E+00   2.16946E-10 0.0035
    4.3000E+00   2.68457E-11 0.0104
    6.4300E+00   6.42118E-13 0.0734
    2.0000E+01   0.00000E+00 0.0000
    1.0000E-11   0.00000E+00 0.0000
    4.0000E-09   0.00000E+00 0.0000
    1.0000E-08   0.00000E+00 0.0000
    2.5300E-08   0.00000E+00 0.0000
    4.0000E-08   0.00000E+00 0.0000
    5.0000E-08   0.00000E+00 0.0000
    6.0000E-08   0.00000E+00 0.0000
    8.0000E-08   0.00000E+00 0.0000
    1.0000E-07   0.00000E+00 0.0000
    1.5000E-07   0.00000E+00 0.0000
    2.0000E-07   0.00000E+00 0.0000
    2.5000E-07   0.00000E+00 0.0000
    3.2500E-07   0.00000E+00 0.0000
    3.5000E-07   0.00000E+00 0.0000
    3.7500E-07   0.00000E+00 0.0000
    4.5000E-07   0.00000E+00 0.0000
    6.2500E-07   0.00000E+00 0.0000
    1.0100E-06   0.00000E+00 0.0000
    1.0800E-06   0.00000E+00 0.0000
    1.1300E-06   0.00000E+00 0.0000
    5.0000E-06   0.00000E+00 0.0000
    6.2500E-06   0.00000E+00 0.0000
    6.5000E-06   0.00000E+00 0.0000
    6.8800E-06   0.00000E+00 0.0000
    7.0000E-06   0.00000E+00 0.0000
    2.0500E-05   0.00000E+00 0.0000
    2.1200E-05   0.00000E+00 0.0000
    2.1800E-05   0.00000E+00 0.0000
    3.6000E-05   0.00000E+00 0.0000
    3.7100E-05   0.00000E+00 0.0000
    6.5000E-05   0.00000E+00 0.0000
    6.7500E-05   0.00000E+00 0.0000
    1.0100E-04   0.00000E+00 0.0000
    1.0500E-04   0.00000E+00 0.0000
    1.1600E-04   0.00000E+00 0.0000
    1.1800E-04   0.00000E+00 0.0000
    1.8800E-04   0.00000E+00 0.0000
    1.9200E-04   0.00000E+00 0.0000
    2.2500E-03   1.94619E-14 0.1881
    3.7400E-03   8.59490E-14 0.0905
    1.7000E-02   6.24834E-12 0.0173
    2.0000E-02   2.31963E-12 0.0228
    5.0000E-02   3.46747E-11 0.0054
    2.0000E-01   1.32396E-10 0.0150
    2.7000E-01   2.68354E-11 0.0145
    3.3000E-01   2.23563E-11 0.0320
    4.7000E-01   5.12972E-11 0.0146
    6.0000E-01   5.21051E-11 0.0131
    7.5000E-01   4.39204E-11 0.0127
    8.6100E-01   3.24885E-11 0.0146
    1.2000E+00   1.04754E-10 0.0071
    1.5000E+00   9.92318E-11 0.0069
    1.8500E+00   1.24833E-10 0.0058
    3.0000E+00   3.92789E-10 0.0035
    4.3000E+00   2.35417E-10 0.0048
    6.4300E+00   6.79963E-11 0.0099
    2.0000E+01   3.64843E-12 0.0564
    1.0000E-11   0.00000E+00 0.0000
    4.0000E-09   0.00000E+00 0.0000
    1.0000E-08   0.00000E+00 0.0000
    2.5300E-08   0.00000E+00 0.0000
    4.0000E-08   0.00000E+00 0.0000
    5.0000E-08   0.00000E+00 0.0000
    6.0000E-08   0.00000E+00 0.0000
    8.0000E-08   0.00000E+00 0.0000
    1.0000E-07   0.00000E+00 0.0000
    1.5000E-07   0.00000E+00 0.0000
    2.0000E-07   0.00000E+00 0.0000
    2.5000E-07   0.00000E+00 0.0000
    3.2500E-07   0.00000E+00 0.0000
    3.5000E-07   0.00000E+00 0.0000
    3.7500E-07   0.00000E+00 0.0000
    4.5000E-07   0.00000E+00 0.0000
    6.2500E-07   0.00000E+00 0.0000
    1.0100E-06   0.00000E+00 0.0000
    1.0800E-06   0.00000E+00 0.0000
    1.1300E-06   0.00000E+00 0.0000
    5.0000E-06   0.00000E+00 0.0000
    6.2500E-06   0.00000E+00 0.0000
    6.5000E-06   0.00000E+00 0.0000
    6.8800E-06   0.00000E+00 0.0000
    7.0000E-06   0.00000E+00 0.0000
    2.0500E-05   0.00000E+00 0.0000
    2.1200E-05   0.00000E+00 0.0000
    2.1800E-05   0.00000E+00 0.0000
    3.6000E-05   0.00000E+00 0.0000
    3.7100E-05   0.00000E+00 0.0000
    6.5000E-05   0.00000E+00 0.0000
    6.7500E-05   0.00000E+00 0.0000
    1.0100E-04   0.00000E+00 0.0000
    1.0500E-04   0.00000E+00 0.0000
    1.1600E-04   0.00000E+00 0.0000
    1.1800E-04   0.00000E+00 0.0000
    1.8800E-04   0.00000E+00 0.0000
    1.9200E-04   0.00000E+00 0.0000
    2.2500E-03   2.05396E-14 0.4591
    3.7400E-03   6.28171E-14 0.1251
    1.7000E-02   6.04661E-12 0.0251
    2.0000E-02   2.32094E-12 0.0521
    5.0000E-02   2.54917E-11 0.0092
    2.0000E-01   7.11380E-11 0.0112
    2.7000E-01   1.53516E-11 0.0159
    3.3000E-01   1.20958E-11 0.0251
    4.7000E-01   2.85512E-11 0.0146
    6.0000E-01   2.96119E-11 0.0144
    7.5000E-01   2.43093E-11 0.0141
    8.6100E-01   1.77880E-11 0.0163
    1.2000E+00   5.83235E-11 0.0097
    1.5000E+00   5.65866E-11 0.0108
    1.8500E+00   7.31061E-11 0.0100
    3.0000E+00   2.61396E-10 0.0065
    4.3000E+00   2.34348E-10 0.0078
    6.4300E+00   1.52287E-10 0.0109
    2.0000E+01   2.95099E-11 0.0337
    1.0000E-11   0.00000E+00 0.0000
    4.0000E-09   0.00000E+00 0.0000
    1.0000E-08   0.00000E+00 0.0000
    2.5300E-08   0.00000E+00 0.0000
    4.0000E-08   0.00000E+00 0.0000
    5.0000E-08   0.00000E+00 0.0000
    6.0000E-08   0.00000E+00 0.0000
    8.0000E-08   0.00000E+00 0.0000
    1.0000E-07   0.00000E+00 0.0000
    1.5000E-07   0.00000E+00 0.0000
    2.0000E-07   0.00000E+00 0.0000
    2.5000E-07   0.00000E+00 0.0000
    3.2500E-07   0.00000E+00 0.0000
    3.5000E-07   0.00000E+00 0.0000
    3.7500E-07   0.00000E+00 0.0000
    4.5000E-07   0.00000E+00 0.0000
    6.2500E-07   0.00000E+00 0.0000
    1.0100E-06   0.00000E+00 0.0000
    1.0800E-06   0.00000E+00 0.0000
    1.1300E-06   0.00000E+00 0.0000
    5.0000E-06   0.00000E+00 0.0000
    6.2500E-06   0.00000E+00 0.0000
    6.5000E-06   0.00000E+00 0.0000
    6.8800E-06   0.00000E+00 0.0000
    7.0000E-06   0.00000E+00 0.0000
    2.0500E-05   0.00000E+00 0.0000
    2.1200E-05   0.00000E+00 0.0000
    2.1800E-05   0.00000E+00 0.0000
    3.6000E-05   0.00000E+00 0.0000
    3.7100E-05   0.00000E+00 0.0000
    6.5000E-05   0.00000E+00 0.0000
    6.7500E-05   0.00000E+00 0.0000
    1.0100E-04   0.00000E+00 0.0000
    1.0500E-04   0.00000E+00 0.0000
    1.1600E-04   0.00000E+00 0.0000
    1.1800E-04   0.00000E+00 0.0000
    1.8800E-04   0.00000E+00 0.0000
    1.9200E-04   0.00000E+00 0.0000
    2.2500E-03   2.95441E-15 0.4676
    3.7400E-03   2.39259E-14 0.2280
    1.7000E-02   4.97164E-12 0.1050
    2.0000E-02   1.74623E-12 0.0884
    5.0000E-02   2.18746E-11 0.0243
    2.0000E-01   5.60476E-11 0.0147
    2.7000E-01   1.28406E-11 0.0306
    3.3000E-01   1.10378E-11 0.0457
    4.7000E-01   2.47084E-11 0.0322
    6.0000E-01   2.57030E-11 0.0383
    7.5000E-01   2.47262E-11 0.0479
    8.6100E-01   1.74319E-11 0.0562
    1.2000E+00   6.86687E-11 0.0404
    1.5000E+00   7.25493E-11 0.0428
    1.8500E+00   9.79540E-11 0.0367
    3.0000E+00   3.86739E-10 0.0237
    4.3000E+00   4.12452E-10 0.0239
    6.4300E+00   3.70167E-10 0.0315
    2.0000E+01   1.40185E-10 0.0587
    1.0000E-11   0.00000E+00 0.0000
    4.0000E-09   0.00000E+00 0.0000
    1.0000E-08   0.00000E+00 0.0000
    2.5300E-08   0.00000E+00 0.0000
    4.0000E-08   0.00000E+00 0.0000
    5.0000E-08   0.00000E+00 0.0000
    6.0000E-08   0.00000E+00 0.0000
    8.0000E-08   0.00000E+00 0.0000
    1.0000E-07   0.00000E+00 0.0000
    1.5000E-07   0.00000E+00 0.0000
    2.0000E-07   0.00000E+00 0.0000
    2.5000E-07   0.00000E+00 0.0000
    3.2500E-07   0.00000E+00 0.0000
    3.5000E-07   0.00000E+00 0.0000
    3.7500E-07   0.00000E+00 0.0000
    4.5000E-07   0.00000E+00 0.0000
    6.2500E-07   0.00000E+00 0.0000
    1.0100E-06   0.00000E+00 0.0000
    1.0800E-06   0.00000E+00 0.0000
    1.1300E-06   0.00000E+00 0.0000
    5.0000E-06   0.00000E+00 0.0000
    6.2500E-06   0.00000E+00 0.0000
    6.5000E-06   0.00000E+00 0.0000
    6.8800E-06   0.00000E+00 0.0000
    7.0000E-06   0.00000E+00 0.0000
    2.0500E-05   0.00000E+00 0.0000
    2.1200E-05   0.00000E+00 0.0000
    2.1800E-05   0.00000E+00 0.0000
    3.6000E-05   0.00000E+00 0.0000
    3.7100E-05   0.00000E+00 0.0000
    6.5000E-05   0.00000E+00 0.0000
    6.7500E-05   0.00000E+00 0.0000
    1.0100E-04   0.00000E+00 0.0000
    1.0500E-04   0.00000E+00 0.0000
    1.1600E-04   0.00000E+00 0.0000
    1.1800E-04   0.00000E+00 0.0000
    1.8800E-04   0.00000E+00 0.0000
    1.9200E-04   0.00000E+00 0.0000
    2.2500E-03   0.00000E+00 0.0000
    3.7400E-03   2.82787E-15 0.5179
    1.7000E-02   1.54080E-12 0.2554
    2.0000E-02   9.18195E-13 0.6778
    5.0000E-02   1.50196E-11 0.1379
    2.0000E-01   2.50377E-10 0.1224
    2.7000E-01   1.30401E-10 0.1399
    3.3000E-01   1.88112E-10 0.1307
    4.7000E-01   4.41510E-10 0.0803
    6.0000E-01   5.67277E-10 0.0624
    7.5000E-01   4.47176E-10 0.0570
    8.6100E-01   3.29939E-10 0.0673
    1.2000E+00   9.71007E-10 0.0325
    1.5000E+00   9.13393E-10 0.0328
    1.8500E+00   1.15074E-09 0.0280
    3.0000E+00   3.47476E-09 0.0156
    4.3000E+00   2.70768E-09 0.0160
    6.4300E+00   2.05536E-09 0.0198
    2.0000E+01   7.22508E-10 0.0358
    1.0000E-11   0.00000E+00 0.0000
    4.0000E-09   0.00000E+00 0.0000
    1.0000E-08   0.00000E+00 0.0000
    2.5300E-08   0.00000E+00 0.0000
    4.0000E-08   0.00000E+00 0.0000
    5.0000E-08   0.00000E+00 0.0000
    6.0000E-08   0.00000E+00 0.0000
    8.0000E-08   0.00000E+00 0.0000
    1.0000E-07   0.00000E+00 0.0000
    1.5000E-07   0.00000E+00 0.0000
    2.0000E-07   0.00000E+00 0.0000
    2.5000E-07   0.00000E+00 0.0000
    3.2500E-07   0.00000E+00 0.0000
    3.5000E-07   0.00000E+00 0.0000
    3.7500E-07   0.00000E+00 0.0000
    4.5000E-07   0.00000E+00 0.0000
    6.2500E-07   0.00000E+00 0.0000
    1.0100E-06   0.00000E+00 0.0000
    1.0800E-06   0.00000E+00 0.0000
    1.1300E-06   0.00000E+00 0.0000
    5.0000E-06   0.00000E+00 0.0000
    6.2500E-06   0.00000E+00 0.0000
    6.5000E-06   0.00000E+00 0.0000
    6.8800E-06   0.00000E+00 0.0000
    7.0000E-06   0.00000E+00 0.0000
    2.0500E-05   0.00000E+00 0.0000
    2.1200E-05   0.00000E+00 0.0000
    2.1800E-05   0.00000E+00 0.0000
    3.6000E-05   0.00000E+00 0.0000
    3.7100E-05   0.00000E+00 0.0000
    6.5000E-05   0.00000E+00 0.0000
    6.7500E-05   0.00000E+00 0.0000
    1.0100E-04   0.00000E+00 0.0000
    1.0500E-04   0.00000E+00 0.0000
    1.1600E-04   0.00000E+00 0.0000
    1.1800E-04   0.00000E+00 0.0000
    1.8800E-04   0.00000E+00 0.0000
    1.9200E-04   0.00000E+00 0.0000
    2.2500E-03   0.00000E+00 0.0000
    3.7400E-03   7.84340E-17 1.0000
    1.7000E-02   5.76896E-14 0.3562
    2.0000E-02   7.35915E-13 0.7617
    5.0000E-02   1.02100E-10 0.3568
    2.0000E-01   1.38235E-09 0.0630
    2.7000E-01   8.66730E-10 0.0611
    3.3000E-01   8.99268E-10 0.0664
    4.7000E-01   2.22616E-09 0.0445
    6.0000E-01   2.25094E-09 0.0367
    7.5000E-01   1.71220E-09 0.0414
    8.6100E-01   1.14882E-09 0.0463
    1.2000E+00   2.94854E-09 0.0265
    1.5000E+00   2.22773E-09 0.0289
    1.8500E+00   2.18074E-09 0.0267
    3.0000E+00   5.04700E-09 0.0170
    4.3000E+00   2.98689E-09 0.0208
    6.4300E+00   1.71214E-09 0.0285
    2.0000E+01   5.31119E-10 0.0480
    1.0000E-11   0.00000E+00 0.0000
    4.0000E-09   0.00000E+00 0.0000
    1.0000E-08   0.00000E+00 0.0000
    2.5300E-08   0.00000E+00 0.0000
    4.0000E-08   0.00000E+00 0.0000
    5.0000E-08   0.00000E+00 0.0000
    6.0000E-08   0.00000E+00 0.0000
    8.0000E-08   0.00000E+00 0.0000
    1.0000E-07   0.00000E+00 0.0000
    1.5000E-07   0.00000E+00 0.0000
    2.0000E-07   0.00000E+00 0.0000
    2.5000E-07   0.00000E+00 0.0000
    3.2500E-07   0.00000E+00 0.0000
    3.5000E-07   0.00000E+00 0.0000
    3.7500E-07   0.00000E+00 0.0000
    4.5000E-07   0.00000E+00 0.0000
    6.2500E-07   0.00000E+00 0.0000
    1.0100E-06   0.00000E+00 0.0000
    1.0800E-06   0.00000E+00 0.0000
    1.1300E-06   0.00000E+00 0.0000
    5.0000E-06   0.00000E+00 0.0000
    6.2500E-06   0.00000E+00 0.0000
    6.5000E-06   0.00000E+00 0.0000
    6.8800E-06   0.00000E+00 0.0000
    7.0000E-06   0.00000E+00 0.0000
    2.0500E-05   0.00000E+00 0.0000
    2.1200E-05   0.00000E+00 0.0000
    2.1800E-05   0.00000E+00 0.0000
    3.6000E-05   0.00000E+00 0.0000
    3.7100E-05   0.00000E+00 0.0000
    6.5000E-05   0.00000E+00 0.0000
    6.7500E-05   0.00000E+00 0.0000
    1.0100E-04   0.00000E+00 0.0000
    1.0500E-04   0.00000E+00 0.0000
    1.1600E-04   0.00000E+00 0.0000
    1.1800E-04   0.00000E+00 0.0000
    1.8800E-04   0.00000E+00 0.0000
    1.9200E-04   0.00000E+00 0.0000
    2.2500E-03   0.00000E+00 0.0000
    3.7400E-03   0.00000E+00 0.0000
    1.7000E-02   6.94310E-13 0.9896
    2.0000E-02   3.76221E-15 0.7188
    5.0000E-02   7.26959E-11 0.2643
    2.0000E-01   1.18774E-09 0.0760
    2.7000E-01   6.57291E-10 0.0873
    3.3000E-01   7.76575E-10 0.0746
    4.7000E-01   1.53682E-09 0.0490
    6.0000E-01   1.85066E-09 0.0420
    7.5000E-01   1.19203E-09 0.0487
    8.6100E-01   9.04790E-10 0.0508
    1.2000E+00   2.07330E-09 0.0317
    1.5000E+00   1.44875E-09 0.0357
    1.8500E+00   1.44332E-09 0.0342
    3.0000E+00   3.26014E-09 0.0230
    4.3000E+00   1.75758E-09 0.0294
    6.4300E+00   1.01068E-09 0.0373
    2.0000E+01   2.50996E-10 0.0717
