    1.0000E-11   0.00000E+00 0.0000
    4.0000E-09   0.00000E+00 0.0000
    1.0000E-08   0.00000E+00 0.0000
    2.5300E-08   0.00000E+00 0.0000
    4.0000E-08   0.00000E+00 0.0000
    5.0000E-08   0.00000E+00 0.0000
    6.0000E-08   0.00000E+00 0.0000
    8.0000E-08   0.00000E+00 0.0000
    1.0000E-07   0.00000E+00 0.0000
    1.5000E-07   0.00000E+00 0.0000
    2.0000E-07   0.00000E+00 0.0000
    2.5000E-07   0.00000E+00 0.0000
    3.2500E-07   0.00000E+00 0.0000
    3.5000E-07   0.00000E+00 0.0000
    3.7500E-07   0.00000E+00 0.0000
    4.5000E-07   0.00000E+00 0.0000
    6.2500E-07   0.00000E+00 0.0000
    1.0100E-06   0.00000E+00 0.0000
    1.0800E-06   0.00000E+00 0.0000
    1.1300E-06   0.00000E+00 0.0000
    5.0000E-06   0.00000E+00 0.0000
    6.2500E-06   0.00000E+00 0.0000
    6.5000E-06   0.00000E+00 0.0000
    6.8800E-06   0.00000E+00 0.0000
    7.0000E-06   0.00000E+00 0.0000
    2.0500E-05   0.00000E+00 0.0000
    2.1200E-05   0.00000E+00 0.0000
    2.1800E-05   0.00000E+00 0.0000
    3.6000E-05   0.00000E+00 0.0000
    3.7100E-05   0.00000E+00 0.0000
    6.5000E-05   0.00000E+00 0.0000
    6.7500E-05   0.00000E+00 0.0000
    1.0100E-04   0.00000E+00 0.0000
    1.0500E-04   0.00000E+00 0.0000
    1.1600E-04   0.00000E+00 0.0000
    1.1800E-04   0.00000E+00 0.0000
    1.8800E-04   0.00000E+00 0.0000
    1.9200E-04   0.00000E+00 0.0000
    2.2500E-03   5.52838E-14 0.1882
    3.7400E-03   2.60402E-13 0.0606
    1.7000E-02   2.47606E-11 0.0394
    2.0000E-02   1.05411E-11 0.0820
    5.0000E-02   3.83731E-10 0.1075
    2.0000E-01   3.71706E-09 0.0348
    2.7000E-01   1.85785E-09 0.0432
    3.3000E-01   2.02007E-09 0.0429
    4.7000E-01   4.53035E-09 0.0286
    6.0000E-01   4.98211E-09 0.0238
    7.5000E-01   3.62088E-09 0.0263
    8.6100E-01   2.57227E-09 0.0287
    1.2000E+00   6.53958E-09 0.0164
    1.5000E+00   5.03561E-09 0.0175
    1.8500E+00   5.25640E-09 0.0158
    3.0000E+00   1.30754E-08 0.0097
    4.3000E+00   8.36150E-09 0.0110
    6.4300E+00   5.36927E-09 0.0139
    2.0000E+01   1.67797E-09 0.0247
