                 3.99555E-11 0.0061
                 5.64675E-12 0.0088
                 2.58631E-11 0.0068
                 5.92602E-11 0.0072
                 1.03016E-10 0.0059
                 1.53875E-10 0.0054
                 2.05980E-10 0.0058
                 2.49805E-10 0.0050
                 2.78230E-10 0.0038
                 1.78911E-10 0.0081
                 3.28564E-11 0.0105
                 3.97126E-11 0.0143
                 3.34210E-09 0.0154
                 7.06790E-08 0.0038
