    4.0000E-09   6.81945E-14 0.0691
    1.0000E-08   1.80698E-13 0.0657
    2.5300E-08   4.98894E-13 0.0592
    4.0000E-08   4.13034E-13 0.0586
    5.0000E-08   2.35638E-13 0.0686
    6.0000E-08   1.95417E-13 0.0900
    8.0000E-08   2.54073E-13 0.0672
    1.0000E-07   1.55445E-13 0.0736
    1.5000E-07   1.92073E-13 0.0831
    2.0000E-07   9.22030E-14 0.1217
    2.5000E-07   4.06654E-14 0.0611
    3.2500E-07   4.70675E-14 0.0703
    3.5000E-07   1.29017E-14 0.0587
    3.7500E-07   1.39782E-14 0.1064
    4.5000E-07   3.65124E-14 0.0665
    6.2500E-07   8.71162E-14 0.0991
    1.0100E-06   1.36753E-13 0.0484
    1.0800E-06   2.17441E-14 0.0587
    1.1300E-06   1.57865E-14 0.0623
    5.0000E-06   6.99073E-13 0.0280
    6.2500E-06   1.50216E-13 0.0456
    6.5000E-06   2.60460E-14 0.0414
    6.8800E-06   3.84886E-14 0.0373
    7.0000E-06   1.15435E-14 0.0391
    2.0500E-05   9.64078E-13 0.0244
    2.1200E-05   3.55668E-14 0.0500
    2.1800E-05   2.96109E-14 0.0432
    3.6000E-05   5.63080E-13 0.0260
    3.7100E-05   3.44226E-14 0.0379
    6.5000E-05   7.05828E-13 0.0255
    6.7500E-05   4.89382E-14 0.0486
    1.0100E-04   5.47206E-13 0.0223
    1.0500E-04   5.56120E-14 0.0536
    1.1600E-04   1.43365E-13 0.0391
    1.1800E-04   2.41808E-14 0.0334
    1.8800E-04   6.92440E-13 0.0197
    1.9200E-04   3.09287E-14 0.0261
    2.2500E-03   4.29521E-12 0.0108
    3.7400E-03   9.68722E-13 0.0152
    1.7000E-02   3.02419E-12 0.0118
    2.0000E-02   3.32930E-13 0.0235
    5.0000E-02   1.96543E-12 0.0130
    2.0000E-01   3.91914E-12 0.0125
    2.7000E-01   1.24188E-12 0.0224
    3.3000E-01   8.81824E-13 0.0263
    4.7000E-01   1.77579E-12 0.0207
    6.0000E-01   1.44239E-12 0.0214
    7.5000E-01   1.33219E-12 0.0211
    8.6100E-01   8.40898E-13 0.0243
    1.2000E+00   2.15073E-12 0.0159
    1.5000E+00   1.49673E-12 0.0182
    1.8500E+00   1.58556E-12 0.0199
    3.0000E+00   3.90997E-12 0.0151
    4.3000E+00   9.23637E-13 0.0212
    6.4300E+00   3.34955E-13 0.0333
    2.0000E+01   3.45196E-14 0.1198
    4.0000E-09   9.03210E-15 0.7902
    1.0000E-08   6.51508E-15 0.1045
    2.5300E-08   5.61154E-14 0.3212
    4.0000E-08   2.67583E-14 0.1634
    5.0000E-08   2.02107E-14 0.3581
    6.0000E-08   2.69636E-14 0.5041
    8.0000E-08   2.03423E-14 0.1679
    1.0000E-07   1.54798E-14 0.1880
    1.5000E-07   1.90775E-14 0.0764
    2.0000E-07   1.36460E-14 0.1516
    2.5000E-07   1.54569E-14 0.2913
    3.2500E-07   1.17352E-14 0.1184
    3.5000E-07   5.28762E-15 0.4141
    3.7500E-07   2.81663E-15 0.1000
    4.5000E-07   9.67022E-15 0.1266
    6.2500E-07   1.72119E-14 0.0952
    1.0100E-06   4.11634E-14 0.1736
    1.0800E-06   9.58974E-15 0.3403
    1.1300E-06   3.33283E-15 0.1844
    5.0000E-06   1.57396E-13 0.0472
    6.2500E-06   2.82124E-14 0.0656
    6.5000E-06   7.11261E-15 0.1914
    6.8800E-06   7.84848E-15 0.1372
    7.0000E-06   2.11074E-15 0.0796
    2.0500E-05   1.87654E-13 0.0360
    2.1200E-05   6.24096E-15 0.1249
    2.1800E-05   4.54150E-15 0.0446
    3.6000E-05   1.08819E-13 0.0621
    3.7100E-05   6.47214E-15 0.0991
    6.5000E-05   1.29965E-13 0.0320
    6.7500E-05   1.04012E-14 0.2336
    1.0100E-04   1.05785E-13 0.0425
    1.0500E-04   1.02712E-14 0.0861
    1.1600E-04   3.10051E-14 0.1050
    1.1800E-04   4.09283E-15 0.0478
    1.8800E-04   1.26198E-13 0.0280
    1.9200E-04   5.54981E-15 0.0478
    2.2500E-03   8.34121E-13 0.0157
    3.7400E-03   2.20418E-13 0.0280
    1.7000E-02   7.76706E-13 0.0147
    2.0000E-02   9.67310E-14 0.0340
    5.0000E-02   5.57976E-13 0.0158
    2.0000E-01   6.03576E-13 0.0125
    2.7000E-01   1.19124E-13 0.0300
    3.3000E-01   8.60149E-14 0.0352
    4.7000E-01   1.65033E-13 0.0376
    6.0000E-01   1.16902E-13 0.0311
    7.5000E-01   1.12204E-13 0.0324
    8.6100E-01   7.89602E-14 0.0545
    1.2000E+00   1.75891E-13 0.0341
    1.5000E+00   1.10988E-13 0.0373
    1.8500E+00   9.72033E-14 0.0495
    3.0000E+00   1.19017E-13 0.0315
    4.3000E+00   6.83235E-14 0.0417
    6.4300E+00   3.45626E-14 0.0571
    2.0000E+01   2.92429E-15 0.1164
    4.0000E-09   6.32285E-15 0.0943
    1.0000E-08   2.12924E-14 0.0679
    2.5300E-08   9.19360E-14 0.1174
    4.0000E-08   1.15122E-13 0.1383
    5.0000E-08   5.79737E-14 0.2323
    6.0000E-08   4.81093E-14 0.1234
    8.0000E-08   1.13764E-13 0.1677
    1.0000E-07   6.44951E-14 0.1467
    1.5000E-07   1.11230E-13 0.1488
    2.0000E-07   5.61855E-14 0.0984
    2.5000E-07   6.23101E-14 0.2305
    3.2500E-07   6.93137E-14 0.1412
    3.5000E-07   1.19249E-14 0.0643
    3.7500E-07   1.30571E-14 0.0900
    4.5000E-07   4.40152E-14 0.0958
    6.2500E-07   9.77681E-14 0.0870
    1.0100E-06   1.73573E-13 0.0789
    1.0800E-06   2.06023E-14 0.0673
    1.1300E-06   1.73985E-14 0.1599
    5.0000E-06   7.84461E-13 0.0554
    6.2500E-06   1.37980E-13 0.0544
    6.5000E-06   2.84532E-14 0.1207
    6.8800E-06   3.77180E-14 0.0962
    7.0000E-06   1.11789E-14 0.1430
    2.0500E-05   8.33573E-13 0.0324
    2.1200E-05   3.15602E-14 0.1071
    2.1800E-05   2.15424E-14 0.0653
    3.6000E-05   4.61596E-13 0.0348
    3.7100E-05   2.65320E-14 0.0746
    6.5000E-05   5.28301E-13 0.0304
    6.7500E-05   3.95677E-14 0.0964
    1.0100E-04   4.46016E-13 0.0372
    1.0500E-04   4.45574E-14 0.0632
    1.1600E-04   1.10442E-13 0.0471
    1.1800E-04   1.64873E-14 0.0690
    1.8800E-04   5.56101E-13 0.0287
    1.9200E-04   3.07746E-14 0.1119
    2.2500E-03   3.32750E-12 0.0166
    3.7400E-03   7.77633E-13 0.0225
    1.7000E-02   2.72541E-12 0.0146
    2.0000E-02   3.63282E-13 0.0265
    5.0000E-02   2.52291E-12 0.0140
    2.0000E-01   5.17004E-12 0.0085
    2.7000E-01   1.01089E-12 0.0138
    3.3000E-01   5.71567E-13 0.0182
    4.7000E-01   8.68602E-13 0.0170
    6.0000E-01   5.30289E-13 0.0222
    7.5000E-01   4.25368E-13 0.0218
    8.6100E-01   2.42161E-13 0.0277
    1.2000E+00   5.58854E-13 0.0188
    1.5000E+00   3.63051E-13 0.0215
    1.8500E+00   3.23163E-13 0.0260
    3.0000E+00   4.37282E-13 0.0481
    4.3000E+00   1.88660E-13 0.0261
    6.4300E+00   1.05645E-13 0.0408
    2.0000E+01   7.56194E-15 0.1017
    4.0000E-09   3.18803E-14 0.4027
    1.0000E-08   5.87485E-14 0.1822
    2.5300E-08   1.85628E-13 0.0956
    4.0000E-08   2.47319E-13 0.1259
    5.0000E-08   1.26497E-13 0.1117
    6.0000E-08   1.23035E-13 0.1271
    8.0000E-08   1.85814E-13 0.1100
    1.0000E-07   1.35067E-13 0.1161
    1.5000E-07   2.37306E-13 0.1233
    2.0000E-07   1.43639E-13 0.1183
    2.5000E-07   1.11152E-13 0.1356
    3.2500E-07   1.27342E-13 0.1246
    3.5000E-07   5.32353E-14 0.1344
    3.7500E-07   4.10890E-14 0.1408
    4.5000E-07   1.15079E-13 0.1090
    6.2500E-07   1.97063E-13 0.0776
    1.0100E-06   3.44329E-13 0.0618
    1.0800E-06   5.49816E-14 0.1251
    1.1300E-06   3.71397E-14 0.1439
    5.0000E-06   1.66577E-12 0.0529
    6.2500E-06   3.03931E-13 0.0732
    6.5000E-06   5.90784E-14 0.1224
    6.8800E-06   1.00519E-13 0.2200
    7.0000E-06   2.30277E-14 0.1137
    2.0500E-05   1.76353E-12 0.0335
    2.1200E-05   5.82879E-14 0.0587
    2.1800E-05   5.04531E-14 0.0713
    3.6000E-05   9.89909E-13 0.0355
    3.7100E-05   6.91968E-14 0.0824
    6.5000E-05   1.24526E-12 0.0333
    6.7500E-05   8.69924E-14 0.0980
    1.0100E-04   8.89759E-13 0.0364
    1.0500E-04   8.70536E-14 0.0600
    1.1600E-04   2.13125E-13 0.0390
    1.1800E-04   3.56989E-14 0.0761
    1.8800E-04   1.09851E-12 0.0304
    1.9200E-04   5.39988E-14 0.0649
    2.2500E-03   6.92193E-12 0.0171
    3.7400E-03   1.59298E-12 0.0254
    1.7000E-02   5.24110E-12 0.0166
    2.0000E-02   6.22571E-13 0.0258
    5.0000E-02   4.21944E-12 0.0157
    2.0000E-01   1.02467E-11 0.0098
    2.7000E-01   3.09799E-12 0.0122
    3.3000E-01   2.20298E-12 0.0128
    4.7000E-01   3.93126E-12 0.0537
    6.0000E-01   2.26647E-12 0.0118
    7.5000E-01   1.73721E-12 0.0132
    8.6100E-01   9.04573E-13 0.0160
    1.2000E+00   1.81133E-12 0.0126
    1.5000E+00   9.06307E-13 0.0171
    1.8500E+00   6.58695E-13 0.0190
    3.0000E+00   9.53886E-13 0.0157
    4.3000E+00   3.94041E-13 0.0219
    6.4300E+00   1.77718E-13 0.0303
    2.0000E+01   2.25818E-14 0.0956
    4.0000E-09   2.97521E-14 0.2742
    1.0000E-08   7.97008E-14 0.1527
    2.5300E-08   3.25613E-13 0.0842
    4.0000E-08   3.73038E-13 0.0881
    5.0000E-08   2.47830E-13 0.1461
    6.0000E-08   1.84199E-13 0.1090
    8.0000E-08   3.73868E-13 0.1156
    1.0000E-07   2.54354E-13 0.1052
    1.5000E-07   3.59325E-13 0.0749
    2.0000E-07   1.84703E-13 0.0728
    2.5000E-07   1.80134E-13 0.0983
    3.2500E-07   2.32397E-13 0.0997
    3.5000E-07   6.81745E-14 0.1280
    3.7500E-07   4.84502E-14 0.0925
    4.5000E-07   1.73572E-13 0.0915
    6.2500E-07   3.21960E-13 0.0876
    1.0100E-06   5.29531E-13 0.0614
    1.0800E-06   7.48913E-14 0.0978
    1.1300E-06   5.48338E-14 0.1264
    5.0000E-06   2.68638E-12 0.0612
    6.2500E-06   4.96238E-13 0.0586
    6.5000E-06   1.11283E-13 0.2113
    6.8800E-06   1.24003E-13 0.0755
    7.0000E-06   3.81903E-14 0.1149
    2.0500E-05   2.65962E-12 0.0333
    2.1200E-05   1.13754E-13 0.0802
    2.1800E-05   7.19784E-14 0.0600
    3.6000E-05   1.61373E-12 0.0402
    3.7100E-05   9.80243E-14 0.0700
    6.5000E-05   1.98964E-12 0.0345
    6.7500E-05   1.39954E-13 0.0608
    1.0100E-04   1.53190E-12 0.0338
    1.0500E-04   1.53687E-13 0.0553
    1.1600E-04   3.95823E-13 0.0426
    1.1800E-04   6.54137E-14 0.0795
    1.8800E-04   1.74028E-12 0.0296
    1.9200E-04   7.49926E-14 0.0483
    2.2500E-03   1.12946E-11 0.0169
    3.7400E-03   2.56975E-12 0.0267
    1.7000E-02   8.26887E-12 0.0178
    2.0000E-02   1.00567E-12 0.0281
    5.0000E-02   6.29856E-12 0.0174
    2.0000E-01   1.43376E-11 0.0120
    2.7000E-01   4.58970E-12 0.0139
    3.3000E-01   3.42315E-12 0.0143
    4.7000E-01   6.62239E-12 0.0115
    6.0000E-01   4.94825E-12 0.0113
    7.5000E-01   4.59892E-12 0.0114
    8.6100E-01   2.63378E-12 0.0128
    1.2000E+00   5.20202E-12 0.0107
    1.5000E+00   2.72425E-12 0.0127
    1.8500E+00   2.16348E-12 0.0137
    3.0000E+00   2.77866E-12 0.0121
    4.3000E+00   9.38778E-13 0.0189
    6.4300E+00   3.54014E-13 0.0249
    2.0000E+01   6.23243E-14 0.0573
    4.0000E-09   3.68871E-14 0.2191
    1.0000E-08   1.31617E-13 0.1448
    2.5300E-08   4.86534E-13 0.0969
    4.0000E-08   5.22238E-13 0.0775
    5.0000E-08   3.67404E-13 0.0972
    6.0000E-08   3.19441E-13 0.0988
    8.0000E-08   5.79017E-13 0.0935
    1.0000E-07   3.63677E-13 0.0841
    1.5000E-07   5.43634E-13 0.0600
    2.0000E-07   3.01657E-13 0.0919
    2.5000E-07   2.19758E-13 0.0894
    3.2500E-07   2.93365E-13 0.0918
    3.5000E-07   9.17397E-14 0.1390
    3.7500E-07   9.64777E-14 0.1350
    4.5000E-07   2.20315E-13 0.0746
    6.2500E-07   4.86898E-13 0.0875
    1.0100E-06   8.94051E-13 0.1644
    1.0800E-06   1.07213E-13 0.1012
    1.1300E-06   6.82618E-14 0.0834
    5.0000E-06   3.35955E-12 0.0478
    6.2500E-06   6.92750E-13 0.0661
    6.5000E-06   1.22698E-13 0.0737
    6.8800E-06   1.81571E-13 0.0735
    7.0000E-06   5.70746E-14 0.0895
    2.0500E-05   3.87856E-12 0.0387
    2.1200E-05   1.23045E-13 0.0629
    2.1800E-05   1.07008E-13 0.0719
    3.6000E-05   2.10999E-12 0.0337
    3.7100E-05   1.26186E-13 0.0575
    6.5000E-05   2.89370E-12 0.0345
    6.7500E-05   1.87043E-13 0.0518
    1.0100E-04   2.15735E-12 0.0346
    1.0500E-04   2.05654E-13 0.0524
    1.1600E-04   5.59922E-13 0.0430
    1.1800E-04   9.34379E-14 0.0634
    1.8800E-04   2.63889E-12 0.0311
    1.9200E-04   1.09885E-13 0.0509
    2.2500E-03   1.56142E-11 0.0154
    3.7400E-03   3.79731E-12 0.0267
    1.7000E-02   1.18758E-11 0.0174
    2.0000E-02   1.26893E-12 0.0298
    5.0000E-02   8.48087E-12 0.0181
    2.0000E-01   1.83733E-11 0.0126
    2.7000E-01   5.58058E-12 0.0242
    3.3000E-01   4.42594E-12 0.0167
    4.7000E-01   8.74358E-12 0.0130
    6.0000E-01   6.64677E-12 0.0129
    7.5000E-01   6.79311E-12 0.0122
    8.6100E-01   4.34178E-12 0.0128
    1.2000E+00   1.02354E-11 0.0104
    1.5000E+00   6.01936E-12 0.0117
    1.8500E+00   4.43847E-12 0.0125
    3.0000E+00   7.53203E-12 0.0110
    4.3000E+00   2.83447E-12 0.0146
    6.4300E+00   9.42234E-13 0.0266
    2.0000E+01   1.96624E-13 0.0468
    4.0000E-09   6.84377E-14 0.4127
    1.0000E-08   1.66883E-13 0.1465
    2.5300E-08   7.64480E-13 0.0794
    4.0000E-08   7.37300E-13 0.0735
    5.0000E-08   4.87276E-13 0.0788
    6.0000E-08   3.84346E-13 0.0707
    8.0000E-08   7.68329E-13 0.0734
    1.0000E-07   1.06431E-12 0.4786
    1.5000E-07   8.75995E-13 0.0692
    2.0000E-07   3.97688E-13 0.0864
    2.5000E-07   2.85654E-13 0.0895
    3.2500E-07   3.33171E-13 0.0836
    3.5000E-07   1.21289E-13 0.1537
    3.7500E-07   7.86395E-14 0.0781
    4.5000E-07   2.52467E-13 0.0796
    6.2500E-07   5.42647E-13 0.0658
    1.0100E-06   1.27765E-12 0.2661
    1.0800E-06   1.45185E-13 0.1060
    1.1300E-06   9.25140E-14 0.1141
    5.0000E-06   4.05294E-12 0.0335
    6.2500E-06   9.14507E-13 0.1019
    6.5000E-06   1.79336E-13 0.1442
    6.8800E-06   2.16659E-13 0.0847
    7.0000E-06   6.52402E-14 0.0991
    2.0500E-05   4.86679E-12 0.0347
    2.1200E-05   1.56568E-13 0.0616
    2.1800E-05   1.45327E-13 0.0868
    3.6000E-05   2.60116E-12 0.0341
    3.7100E-05   1.61268E-13 0.0561
    6.5000E-05   3.44519E-12 0.0337
    6.7500E-05   2.60179E-13 0.0637
    1.0100E-04   2.79708E-12 0.0337
    1.0500E-04   2.69800E-13 0.0519
    1.1600E-04   7.30686E-13 0.0502
    1.1800E-04   1.32617E-13 0.0679
    1.8800E-04   3.38385E-12 0.0311
    1.9200E-04   1.55084E-13 0.0586
    2.2500E-03   1.98810E-11 0.0150
    3.7400E-03   4.69865E-12 0.0271
    1.7000E-02   1.50173E-11 0.0162
    2.0000E-02   1.84394E-12 0.0328
    5.0000E-02   1.04805E-11 0.0174
    2.0000E-01   2.19101E-11 0.0123
    2.7000E-01   6.65922E-12 0.0177
    3.3000E-01   4.64262E-12 0.0178
    4.7000E-01   1.02786E-11 0.0140
    6.0000E-01   8.45464E-12 0.0140
    7.5000E-01   7.94619E-12 0.0135
    8.6100E-01   5.57694E-12 0.0140
    1.2000E+00   1.40111E-11 0.0108
    1.5000E+00   9.38479E-12 0.0116
    1.8500E+00   8.26931E-12 0.0121
    3.0000E+00   1.33229E-11 0.0104
    4.3000E+00   6.92464E-12 0.0128
    6.4300E+00   2.71286E-12 0.0175
    2.0000E+01   5.86469E-13 0.0532
    4.0000E-09   4.51636E-14 0.2970
    1.0000E-08   2.50752E-13 0.1838
    2.5300E-08   8.08085E-13 0.0746
    4.0000E-08   1.20402E-12 0.1624
    5.0000E-08   6.65120E-13 0.0760
    6.0000E-08   1.12981E-12 0.4458
    8.0000E-08   1.05286E-12 0.0977
    1.0000E-07   7.50192E-13 0.0784
    1.5000E-07   1.08924E-12 0.0600
    2.0000E-07   5.42969E-13 0.0789
    2.5000E-07   2.86346E-13 0.0833
    3.2500E-07   4.02790E-13 0.0835
    3.5000E-07   1.11184E-13 0.1254
    3.7500E-07   1.10010E-13 0.1210
    4.5000E-07   2.87431E-13 0.0716
    6.2500E-07   5.69424E-13 0.0614
    1.0100E-06   1.07756E-12 0.0690
    1.0800E-06   1.69674E-13 0.1327
    1.1300E-06   1.18450E-13 0.1127
    5.0000E-06   4.57527E-12 0.0308
    6.2500E-06   8.89647E-13 0.0573
    6.5000E-06   1.50051E-13 0.0628
    6.8800E-06   2.72946E-13 0.0929
    7.0000E-06   8.13067E-14 0.1117
    2.0500E-05   5.74258E-12 0.0423
    2.1200E-05   1.81613E-13 0.0608
    2.1800E-05   1.57029E-13 0.0716
    3.6000E-05   3.03469E-12 0.0361
    3.7100E-05   1.97152E-13 0.0933
    6.5000E-05   3.72766E-12 0.0289
    6.7500E-05   2.68144E-13 0.0574
    1.0100E-04   3.24571E-12 0.0333
    1.0500E-04   2.97101E-13 0.0519
    1.1600E-04   8.22964E-13 0.0513
    1.1800E-04   1.32447E-13 0.0619
    1.8800E-04   3.82602E-12 0.0300
    1.9200E-04   1.83198E-13 0.0662
    2.2500E-03   2.28673E-11 0.0135
    3.7400E-03   5.38660E-12 0.0255
    1.7000E-02   1.72561E-11 0.0148
    2.0000E-02   2.00418E-12 0.0308
    5.0000E-02   1.20036E-11 0.0164
    2.0000E-01   2.47758E-11 0.0115
    2.7000E-01   7.58707E-12 0.0173
    3.3000E-01   5.50771E-12 0.0191
    4.7000E-01   1.07689E-11 0.0146
    6.0000E-01   9.39721E-12 0.0151
    7.5000E-01   9.67272E-12 0.0142
    8.6100E-01   5.93398E-12 0.0153
    1.2000E+00   1.63578E-11 0.0115
    1.5000E+00   1.18626E-11 0.0121
    1.8500E+00   1.08461E-11 0.0121
    3.0000E+00   2.07173E-11 0.0101
    4.3000E+00   1.09947E-11 0.0130
    6.4300E+00   6.03011E-12 0.0163
    2.0000E+01   1.37907E-12 0.0371
    4.0000E-09   6.43880E-14 0.2596
    1.0000E-08   2.24830E-13 0.1580
    2.5300E-08   1.10856E-12 0.1668
    4.0000E-08   1.27000E-12 0.0726
    5.0000E-08   7.94138E-13 0.0948
    6.0000E-08   7.63476E-13 0.0892
    8.0000E-08   1.31552E-12 0.0657
    1.0000E-07   9.46831E-13 0.1100
    1.5000E-07   1.22415E-12 0.0596
    2.0000E-07   6.54896E-13 0.1070
    2.5000E-07   3.38100E-13 0.0917
    3.2500E-07   4.36323E-13 0.0871
    3.5000E-07   1.22146E-13 0.1335
    3.7500E-07   1.27591E-13 0.1438
    4.5000E-07   3.49927E-13 0.1055
    6.2500E-07   6.87825E-13 0.0683
    1.0100E-06   1.11398E-12 0.0593
    1.0800E-06   1.60947E-13 0.1172
    1.1300E-06   1.08902E-13 0.1128
    5.0000E-06   4.74517E-12 0.0268
    6.2500E-06   9.87082E-13 0.0558
    6.5000E-06   1.92938E-13 0.1009
    6.8800E-06   2.28625E-13 0.0687
    7.0000E-06   7.91278E-14 0.0998
    2.0500E-05   5.95145E-12 0.0318
    2.1200E-05   1.84061E-13 0.0659
    2.1800E-05   1.60323E-13 0.0682
    3.6000E-05   3.24825E-12 0.0323
    3.7100E-05   2.11200E-13 0.0756
    6.5000E-05   3.99037E-12 0.0263
    6.7500E-05   2.54748E-13 0.0635
    1.0100E-04   3.24394E-12 0.0300
    1.0500E-04   3.42462E-13 0.0557
    1.1600E-04   8.83593E-13 0.0485
    1.1800E-04   1.30491E-13 0.0630
    1.8800E-04   4.00037E-12 0.0261
    1.9200E-04   1.79375E-13 0.0594
    2.2500E-03   2.38522E-11 0.0120
    3.7400E-03   5.51875E-12 0.0206
    1.7000E-02   1.80101E-11 0.0127
    2.0000E-02   2.01769E-12 0.0301
    5.0000E-02   1.26336E-11 0.0213
    2.0000E-01   2.57117E-11 0.0100
    2.7000E-01   7.90925E-12 0.0160
    3.3000E-01   5.87055E-12 0.0174
    4.7000E-01   1.11870E-11 0.0135
    6.0000E-01   9.83512E-12 0.0139
    7.5000E-01   1.03026E-11 0.0137
    8.6100E-01   6.92816E-12 0.0157
    1.2000E+00   1.76249E-11 0.0142
    1.5000E+00   1.33583E-11 0.0117
    1.8500E+00   1.29283E-11 0.0123
    3.0000E+00   2.72027E-11 0.0089
    4.3000E+00   1.42005E-11 0.0117
    6.4300E+00   9.57897E-12 0.0141
    2.0000E+01   2.73468E-12 0.0289
    4.0000E-09   4.71495E-14 0.3637
    1.0000E-08   1.21322E-13 0.2314
    2.5300E-08   1.24298E-12 0.4369
    4.0000E-08   7.40185E-13 0.1083
    5.0000E-08   5.61860E-13 0.1272
    6.0000E-08   4.77793E-13 0.1206
    8.0000E-08   8.13819E-13 0.1047
    1.0000E-07   5.08355E-13 0.1685
    1.5000E-07   1.08486E-12 0.3445
    2.0000E-07   3.79449E-13 0.3255
    2.5000E-07   1.37409E-13 0.1639
    3.2500E-07   2.00272E-13 0.1333
    3.5000E-07   5.80677E-14 0.2107
    3.7500E-07   3.03956E-14 0.2080
    4.5000E-07   1.84708E-13 0.2354
    6.2500E-07   3.60037E-13 0.1054
    1.0100E-06   5.04520E-13 0.0704
    1.0800E-06   6.84828E-14 0.1613
    1.1300E-06   3.93400E-14 0.1781
    5.0000E-06   2.55816E-12 0.0387
    6.2500E-06   4.97687E-13 0.0898
    6.5000E-06   6.64058E-14 0.1223
    6.8800E-06   1.14902E-13 0.1089
    7.0000E-06   4.18608E-14 0.1643
    2.0500E-05   2.83683E-12 0.0293
    2.1200E-05   1.25431E-13 0.2364
    2.1800E-05   8.08836E-14 0.1394
    3.6000E-05   1.55120E-12 0.0335
    3.7100E-05   1.07983E-13 0.1322
    6.5000E-05   2.01102E-12 0.0280
    6.7500E-05   1.38741E-13 0.1157
    1.0100E-04   1.58571E-12 0.0321
    1.0500E-04   1.53570E-13 0.0754
    1.1600E-04   4.30829E-13 0.0559
    1.1800E-04   7.44380E-14 0.1410
    1.8800E-04   2.00754E-12 0.0312
    1.9200E-04   6.89074E-14 0.0906
    2.2500E-03   1.18590E-11 0.0111
    3.7400E-03   2.75600E-12 0.0205
    1.7000E-02   8.90377E-12 0.0116
    2.0000E-02   1.00068E-12 0.0301
    5.0000E-02   5.87882E-12 0.0126
    2.0000E-01   1.27064E-11 0.0088
    2.7000E-01   3.97353E-12 0.0147
    3.3000E-01   2.95527E-12 0.0172
    4.7000E-01   5.69174E-12 0.0119
    6.0000E-01   5.09747E-12 0.0129
    7.5000E-01   5.39101E-12 0.0123
    8.6100E-01   3.60207E-12 0.0143
    1.2000E+00   9.24554E-12 0.0094
    1.5000E+00   7.18127E-12 0.0104
    1.8500E+00   7.10592E-12 0.0106
    3.0000E+00   1.54856E-11 0.0074
    4.3000E+00   8.46784E-12 0.0098
    6.4300E+00   5.90030E-12 0.0117
    2.0000E+01   1.90718E-12 0.0214
    4.0000E-09   4.27480E-14 0.6060
    1.0000E-08   1.26323E-13 0.4398
    2.5300E-08   4.46300E-13 0.2961
    4.0000E-08   7.22109E-13 0.3790
    5.0000E-08   1.79291E-13 0.2614
    6.0000E-08   1.55608E-13 0.1864
    8.0000E-08   1.62667E-12 0.7157
    1.0000E-07   1.64932E-13 0.2739
    1.5000E-07   4.41398E-13 0.1920
    2.0000E-07   1.74590E-13 0.2279
    2.5000E-07   8.41887E-14 0.2724
    3.2500E-07   1.33891E-13 0.3105
    3.5000E-07   3.83063E-14 0.4577
    3.7500E-07   2.51109E-14 0.3643
    4.5000E-07   8.95437E-14 0.2709
    6.2500E-07   1.75156E-13 0.1780
    1.0100E-06   3.69334E-13 0.2104
    1.0800E-06   7.86353E-14 0.2998
    1.1300E-06   2.07345E-14 0.3865
    5.0000E-06   1.90579E-12 0.1807
    6.2500E-06   3.35634E-13 0.1320
    6.5000E-06   6.64220E-14 0.2274
    6.8800E-06   9.08406E-14 0.1906
    7.0000E-06   6.14494E-14 0.5292
    2.0500E-05   2.08828E-12 0.0990
    2.1200E-05   8.74517E-14 0.3586
    2.1800E-05   4.43881E-14 0.3178
    3.6000E-05   1.05854E-12 0.0831
    3.7100E-05   5.72374E-14 0.2672
    6.5000E-05   1.44876E-12 0.0653
    6.7500E-05   9.64701E-14 0.1809
    1.0100E-04   9.58066E-13 0.0863
    1.0500E-04   1.02186E-13 0.1435
    1.1600E-04   2.17071E-13 0.1112
    1.1800E-04   3.40627E-14 0.2778
    1.8800E-04   1.38165E-12 0.0598
    1.9200E-04   4.52418E-14 0.2623
    2.2500E-03   7.73741E-12 0.0239
    3.7400E-03   1.79776E-12 0.0391
    1.7000E-02   5.84595E-12 0.0233
    2.0000E-02   5.80598E-13 0.0519
    5.0000E-02   3.92193E-12 0.0237
    2.0000E-01   8.76854E-12 0.0170
    2.7000E-01   2.84522E-12 0.0286
    3.3000E-01   2.04085E-12 0.0298
    4.7000E-01   3.94929E-12 0.0192
    6.0000E-01   3.59341E-12 0.0210
    7.5000E-01   4.06142E-12 0.0215
    8.6100E-01   2.48385E-12 0.0223
    1.2000E+00   6.57236E-12 0.0139
    1.5000E+00   5.26585E-12 0.0146
    1.8500E+00   5.22970E-12 0.0150
    3.0000E+00   1.15917E-11 0.0090
    4.3000E+00   6.62435E-12 0.0110
    6.4300E+00   4.60318E-12 0.0128
    2.0000E+01   1.66265E-12 0.0271
    4.0000E-09   5.63148E-12 0.3558
    1.0000E-08   1.55785E-11 0.2429
    2.5300E-08   1.08840E-10 0.0937
    4.0000E-08   1.05461E-10 0.0956
    5.0000E-08   6.85711E-11 0.1307
    6.0000E-08   1.01970E-10 0.3425
    8.0000E-08   9.28820E-11 0.1113
    1.0000E-07   6.81906E-11 0.1291
    1.5000E-07   4.93996E-11 0.1173
    2.0000E-07   3.02845E-11 0.2212
    2.5000E-07   1.32998E-11 0.2092
    3.2500E-07   1.64368E-11 0.1915
    3.5000E-07   5.18704E-12 0.3185
    3.7500E-07   3.49324E-12 0.3887
    4.5000E-07   9.29519E-12 0.2350
    6.2500E-07   1.96071E-11 0.1474
    1.0100E-06   4.24538E-11 0.3904
    1.0800E-06   1.96600E-12 0.4134
    1.1300E-06   2.46519E-12 0.3919
    5.0000E-06   7.91959E-11 0.0963
    6.2500E-06   1.55221E-11 0.1429
    6.5000E-06   1.76259E-12 0.3603
    6.8800E-06   4.14353E-12 0.2726
    7.0000E-06   3.63293E-13 0.5769
    2.0500E-05   5.86616E-11 0.0816
    2.1200E-05   1.27703E-12 0.2955
    2.1800E-05   1.52186E-12 0.4099
    3.6000E-05   3.42397E-11 0.1093
    3.7100E-05   2.54870E-12 0.3473
    6.5000E-05   3.61769E-11 0.0990
    6.7500E-05   2.47130E-12 0.3408
    1.0100E-04   2.66129E-11 0.1356
    1.0500E-04   2.66588E-12 0.2577
    1.1600E-04   9.39826E-12 0.1675
    1.1800E-04   7.10891E-13 0.6028
    1.8800E-04   2.91072E-11 0.0883
    1.9200E-04   1.36922E-12 0.3890
    2.2500E-03   1.79954E-10 0.0374
    3.7400E-03   3.45570E-11 0.0724
    1.7000E-02   1.16493E-10 0.0392
    2.0000E-02   1.37353E-11 0.1304
    5.0000E-02   8.18852E-11 0.0459
    2.0000E-01   1.84712E-10 0.0301
    2.7000E-01   6.00609E-11 0.0521
    3.3000E-01   4.80598E-11 0.0579
    4.7000E-01   9.88253E-11 0.0396
    6.0000E-01   9.51927E-11 0.0427
    7.5000E-01   1.00956E-10 0.0398
    8.6100E-01   6.89301E-11 0.0492
    1.2000E+00   1.76628E-10 0.0294
    1.5000E+00   1.48192E-10 0.0325
    1.8500E+00   1.36681E-10 0.0327
    3.0000E+00   3.53133E-10 0.0217
    4.3000E+00   1.90068E-10 0.0284
    6.4300E+00   1.35263E-10 0.0347
    2.0000E+01   5.00227E-11 0.0609
    4.0000E-09   5.86339E-11 0.1079
    1.0000E-08   2.82351E-10 0.0518
    2.5300E-08   1.54377E-09 0.0262
    4.0000E-08   1.71139E-09 0.0589
    5.0000E-08   1.05169E-09 0.0537
    6.0000E-08   9.11897E-10 0.0621
    8.0000E-08   1.21725E-09 0.0360
    1.0000E-07   8.38984E-10 0.0401
    1.5000E-07   1.02775E-09 0.0670
    2.0000E-07   4.54496E-10 0.1156
    2.5000E-07   1.90831E-10 0.0512
    3.2500E-07   2.16414E-10 0.0484
    3.5000E-07   6.18971E-11 0.0912
    3.7500E-07   4.82821E-11 0.1059
    4.5000E-07   1.37004E-10 0.0554
    6.2500E-07   2.51077E-10 0.0376
    1.0100E-06   3.84251E-10 0.0400
    1.0800E-06   5.43720E-11 0.0777
    1.1300E-06   3.63083E-11 0.0915
    5.0000E-06   1.14679E-09 0.0234
    6.2500E-06   1.65579E-10 0.0456
    6.5000E-06   2.87078E-11 0.0862
    6.8800E-06   4.19903E-11 0.0742
    7.0000E-06   9.06065E-12 0.1390
    2.0500E-05   8.33080E-10 0.0193
    2.1200E-05   2.14055E-11 0.1319
    2.1800E-05   2.89276E-11 0.1087
    3.6000E-05   4.07835E-10 0.0262
    3.7100E-05   2.34676E-11 0.0886
    6.5000E-05   4.44410E-10 0.0225
    6.7500E-05   3.14347E-11 0.0860
    1.0100E-04   3.25050E-10 0.0278
    1.0500E-04   3.10290E-11 0.0812
    1.1600E-04   7.54275E-11 0.0470
    1.1800E-04   1.34999E-11 0.1098
    1.8800E-04   3.77658E-10 0.0231
    1.9200E-04   1.49630E-11 0.1026
    2.2500E-03   2.11024E-09 0.0103
    3.7400E-03   4.25066E-10 0.0189
    1.7000E-02   1.39842E-09 0.0100
    2.0000E-02   1.62756E-10 0.0286
    5.0000E-02   9.51389E-10 0.0119
    2.0000E-01   2.17470E-09 0.0079
    2.7000E-01   7.27717E-10 0.0137
    3.3000E-01   5.55985E-10 0.0156
    4.7000E-01   1.08992E-09 0.0110
    6.0000E-01   9.93196E-10 0.0119
    7.5000E-01   1.10697E-09 0.0113
    8.6100E-01   7.28254E-10 0.0137
    1.2000E+00   1.86917E-09 0.0087
    1.5000E+00   1.51078E-09 0.0098
    1.8500E+00   1.48662E-09 0.0099
    3.0000E+00   3.28107E-09 0.0069
    4.3000E+00   1.70236E-09 0.0095
    6.4300E+00   1.01627E-09 0.0127
    2.0000E+01   3.16943E-10 0.0242
    4.0000E-09   7.00779E-11 0.1808
    1.0000E-08   2.76443E-10 0.0487
    2.5300E-08   1.36888E-09 0.0324
    4.0000E-08   1.38537E-09 0.0320
    5.0000E-08   9.50977E-10 0.0587
    6.0000E-08   7.51638E-10 0.0310
    8.0000E-08   1.13473E-09 0.0254
    1.0000E-07   7.57779E-10 0.0319
    1.5000E-07   8.71964E-10 0.0254
    2.0000E-07   3.62100E-10 0.0887
    2.5000E-07   1.84445E-10 0.0475
    3.2500E-07   1.97728E-10 0.0842
    3.5000E-07   5.39854E-11 0.0915
    3.7500E-07   5.53484E-11 0.0911
    4.5000E-07   1.24069E-10 0.0528
    6.2500E-07   2.36318E-10 0.0362
    1.0100E-06   3.33581E-10 0.0293
    1.0800E-06   4.58207E-11 0.0683
    1.1300E-06   3.00840E-11 0.0859
    5.0000E-06   1.01056E-09 0.0228
    6.2500E-06   1.38158E-10 0.0355
    6.5000E-06   2.28529E-11 0.0902
    6.8800E-06   3.51482E-11 0.0672
    7.0000E-06   1.10403E-11 0.1271
    2.0500E-05   7.51974E-10 0.0181
    2.1200E-05   1.86851E-11 0.0818
    2.1800E-05   2.15546E-11 0.1309
    3.6000E-05   3.45433E-10 0.0260
    3.7100E-05   1.92249E-11 0.0867
    6.5000E-05   3.93811E-10 0.0204
    6.7500E-05   2.61199E-11 0.0881
    1.0100E-04   2.82529E-10 0.0227
    1.0500E-04   2.65678E-11 0.0821
    1.1600E-04   7.57688E-11 0.0415
    1.1800E-04   1.16532E-11 0.1008
    1.8800E-04   3.35331E-10 0.0209
    1.9200E-04   1.54642E-11 0.0870
    2.2500E-03   1.86368E-09 0.0088
    3.7400E-03   3.96597E-10 0.0175
    1.7000E-02   1.24739E-09 0.0097
    2.0000E-02   1.43501E-10 0.0283
    5.0000E-02   8.47567E-10 0.0116
    2.0000E-01   1.89067E-09 0.0079
    2.7000E-01   6.02179E-10 0.0140
    3.3000E-01   4.72875E-10 0.0158
    4.7000E-01   9.33052E-10 0.0112
    6.0000E-01   8.63355E-10 0.0120
    7.5000E-01   9.42272E-10 0.0116
    8.6100E-01   6.33698E-10 0.0140
    1.2000E+00   1.53076E-09 0.0091
    1.5000E+00   1.22897E-09 0.0104
    1.8500E+00   1.22738E-09 0.0106
    3.0000E+00   2.64161E-09 0.0074
    4.3000E+00   1.31303E-09 0.0104
    6.4300E+00   8.19956E-10 0.0139
    2.0000E+01   2.40427E-10 0.0268
