Binning Structure (Scale56)
        1.000000e-11  4.000000e-09  1.000000e-08  2.530000e-08  4.000000e-08  
        5.000000e-08  6.000000e-08  8.000000e-08  1.000000e-07  1.500000e-07  
        2.000000e-07  2.500000e-07  3.250000e-07  3.500000e-07  3.750000e-07  
        4.500000e-07  6.250000e-07  1.010000e-06  1.080000e-06  1.130000e-06  
        5.000000e-06  6.250000e-06  6.500000e-06  6.880000e-06  7.000000e-06  
        2.050000e-05  2.120000e-05  2.180000e-05  3.600000e-05  3.710000e-05  
        6.500000e-05  6.750000e-05  1.010000e-04  1.050000e-04  1.160000e-04  
        1.180000e-04  1.880000e-04  1.920000e-04  2.250000e-03  3.740000e-03  
        1.700000e-02  2.000000e-02  5.000000e-02  2.000000e-01  2.700000e-01  
        3.300000e-01  4.700000e-01  6.000000e-01  7.500000e-01  8.610000e-01  
        1.200000e+00  1.500000e+00  1.850000e+00  3.000000e+00  4.300000e+00  
        6.430000e+00  2.000000e+01
Neutron Spectrum
        0.000000e+00  1.347250e-10  5.755605e-10  3.027006e-09  3.208179e-09  
        2.074746e-09  1.769118e-09  2.451712e-09  1.669221e-09  1.955100e-09  
        8.497299e-10  3.902963e-10  4.328194e-10  1.217509e-10  1.076974e-10  
        2.720949e-10  5.104581e-10  7.666115e-10  1.030489e-10  6.941840e-11  
        2.263037e-09  3.245428e-10  5.430707e-11  8.265766e-11  2.092481e-11  
        1.674524e-09  4.243564e-11  5.284753e-11  8.042856e-10  4.630245e-11  
        8.958078e-10  6.150814e-11  6.511532e-10  6.192902e-11  1.649900e-10  
        2.658318e-11  7.628556e-10  3.270343e-11  4.278063e-09  8.853359e-10  
        2.856224e-09  3.307966e-10  1.947839e-09  4.392686e-09  1.433329e-09  
        1.108646e-09  2.184004e-09  2.002630e-09  2.201239e-09  1.463608e-09  
        3.658353e-09  2.945119e-09  2.902741e-09  6.375954e-09  3.257094e-09  
        2.001929e-09  6.159548e-10 
