c  ---------------------------------------------------------
c                    SOURCE SPECIFICATIONS
c  ---------------------------------------------------------
SDEF POS=0 0 0 AXS=1 0 0 EXT=0 VEC=1 0 0 ERG=D3 DIR=FERG=D5 RAD=D6 PAR=1
SI6   0  1.27
SP6 -21  1
SI3 H   1.000000e-11  1.500000e-08  3.000000e-08  5.000000e-08  8.000000e-08  
        1.000000e-07  1.400000e-07  1.800000e-07  2.500000e-07  3.200000e-07  
        4.000000e-07  6.250000e-07  8.500000e-07  9.500000e-07  9.720000e-07  
        1.020000e-06  1.097000e-06  1.150000e-06  1.300000e-06  2.100000e-06  
        2.600000e-06  3.300000e-06  4.000000e-06  9.877000e-06  1.596800e-05  
        4.805200e-05  1.487300e-04  9.118000e-03  4.085000e-02  5.000000e-01  
        1.353000e+00  3.679000e+00  1.000000e+01  
SP3 D   0.000000e+00  8.275117e-09  1.770886e-08  2.627642e-08  3.006981e-08  
        1.340228e-08  1.491600e-08  8.014243e-09  8.117664e-09  5.484326e-09  
        4.996012e-09  1.035694e-08  7.258451e-09  2.680980e-09  5.375336e-10  
        1.179564e-09  1.819749e-09  1.140574e-09  3.018588e-09  1.237069e-08  
        5.728623e-09  6.587032e-09  5.416358e-09  2.801895e-08  1.725314e-08  
        4.686073e-08  5.887308e-08  2.830859e-07  1.300921e-07  4.206132e-07  
        4.157747e-07  5.255960e-07  2.416940e-07  
DS5 S      101     102     103     104     105  
           106     107     108     109     110  
           111     112     113     114     115  
           116     117     118     119     120  
           121     122     123     124     125  
           126     127     128     129     130  
           131     132  
SI101 H   6.123234e-17  1.736482e-01  3.420201e-01  5.000000e-01  6.427876e-01  
          7.660444e-01  8.660254e-01  9.396926e-01  9.848078e-01  9.975641e-01  
          9.986295e-01  9.993908e-01  9.998477e-01  1.000000e+00  
SP101 D   0.000000e+00  5.370220e-13  1.872570e-12  3.432670e-12  5.503440e-12  
          7.025790e-12  8.755700e-12  1.051560e-11  1.217030e-11  1.380730e-11  
          8.802670e-10  2.553460e-09  3.212390e-09  1.565380e-09  
SI102 H   6.123234e-17  1.736482e-01  3.420201e-01  5.000000e-01  6.427876e-01  
          7.660444e-01  8.660254e-01  9.396926e-01  9.848078e-01  9.975641e-01  
          9.986295e-01  9.993908e-01  9.998477e-01  1.000000e+00  
SP102 D   0.000000e+00  8.144700e-13  3.076720e-12  6.456580e-12  9.557140e-12  
          1.264700e-11  1.752690e-11  2.006340e-11  2.516250e-11  3.202850e-11  
          1.843640e-09  5.617060e-09  6.773140e-09  3.347690e-09  
SI103 H   6.123234e-17  1.736482e-01  3.420201e-01  5.000000e-01  6.427876e-01  
          7.660444e-01  8.660254e-01  9.396926e-01  9.848078e-01  9.975641e-01  
          9.986295e-01  9.993908e-01  9.998477e-01  1.000000e+00  
SP103 D   0.000000e+00  1.223760e-12  4.305860e-12  8.766930e-12  1.315420e-11  
          1.887960e-11  3.184360e-11  3.358200e-11  4.398040e-11  6.682720e-11  
          2.688970e-09  8.271560e-09  9.957570e-09  5.135760e-09  
SI104 H   6.123234e-17  1.736482e-01  3.420201e-01  5.000000e-01  6.427876e-01  
          7.660444e-01  8.660254e-01  9.396926e-01  9.848078e-01  9.975641e-01  
          9.986295e-01  9.993908e-01  9.998477e-01  1.000000e+00  
SP104 D   0.000000e+00  1.501290e-12  5.378130e-12  1.134980e-11  1.836930e-11  
          2.567550e-11  3.255530e-11  4.488770e-11  6.043640e-11  7.157930e-11  
          3.092590e-09  9.449060e-09  1.145390e-08  5.802530e-09  
SI105 H   6.123234e-17  1.736482e-01  3.420201e-01  5.000000e-01  6.427876e-01  
          7.660444e-01  8.660254e-01  9.396926e-01  9.848078e-01  9.975641e-01  
          9.986295e-01  9.993908e-01  9.998477e-01  1.000000e+00  
SP105 D   0.000000e+00  8.063420e-13  2.758510e-12  6.073910e-12  9.093870e-12  
          1.271530e-11  1.768780e-11  2.173110e-11  3.306830e-11  3.674490e-11  
          1.417860e-09  4.314030e-09  5.009320e-09  2.520390e-09  
SI106 H   6.123234e-17  1.736482e-01  3.420201e-01  5.000000e-01  6.427876e-01  
          7.660444e-01  8.660254e-01  9.396926e-01  9.848078e-01  9.975641e-01  
          9.986295e-01  9.993908e-01  9.998477e-01  1.000000e+00  
SP106 D   0.000000e+00  1.208930e-12  4.536950e-12  9.051110e-12  1.399700e-11  
          1.932050e-11  2.520570e-11  3.409880e-11  4.252460e-11  6.058250e-11  
          1.566160e-09  4.625030e-09  5.673180e-09  2.841100e-09  
SI107 H   6.123234e-17  1.736482e-01  3.420201e-01  5.000000e-01  6.427876e-01  
          7.660444e-01  8.660254e-01  9.396926e-01  9.848078e-01  9.975641e-01  
          9.986295e-01  9.993908e-01  9.998477e-01  1.000000e+00  
SP107 D   0.000000e+00  1.011760e-12  3.860180e-12  7.658960e-12  1.155590e-11  
          1.510580e-11  1.908730e-11  2.221580e-11  2.703210e-11  2.794230e-11  
          8.463630e-10  2.481230e-09  3.047250e-09  1.503930e-09  
SI108 H   6.123234e-17  1.736482e-01  3.420201e-01  5.000000e-01  6.427876e-01  
          7.660444e-01  8.660254e-01  9.396926e-01  9.848078e-01  9.975641e-01  
          9.986295e-01  9.993908e-01  9.998477e-01  1.000000e+00  
SP108 D   0.000000e+00  1.563170e-12  6.022110e-12  1.137650e-11  1.734030e-11  
          2.273950e-11  2.704890e-11  3.031600e-11  3.562990e-11  3.243780e-11  
          8.535000e-10  2.569890e-09  3.006040e-09  1.503760e-09  
SI109 H   6.123234e-17  1.736482e-01  3.420201e-01  5.000000e-01  6.427876e-01  
          7.660444e-01  8.660254e-01  9.396926e-01  9.848078e-01  9.975641e-01  
          9.986295e-01  9.993908e-01  9.998477e-01  1.000000e+00  
SP109 D   0.000000e+00  1.456800e-12  5.419430e-12  1.118410e-11  1.603300e-11  
          2.065130e-11  2.417700e-11  2.661600e-11  3.119580e-11  3.626670e-11  
          5.671060e-10  1.614780e-09  2.073840e-09  1.055600e-09  
SI110 H   6.123234e-17  1.736482e-01  3.420201e-01  5.000000e-01  6.427876e-01  
          7.660444e-01  8.660254e-01  9.396926e-01  9.848078e-01  9.975641e-01  
          9.986295e-01  9.993908e-01  9.998477e-01  1.000000e+00  
SP110 D   0.000000e+00  1.584180e-12  6.193210e-12  1.159480e-11  1.739560e-11  
          2.244350e-11  2.561890e-11  2.765030e-11  3.076770e-11  3.644170e-11  
          5.592630e-10  1.534680e-09  1.808370e-09  9.140090e-10  
SI111 H   6.123234e-17  1.736482e-01  3.420201e-01  5.000000e-01  6.427876e-01  
          7.660444e-01  8.660254e-01  9.396926e-01  9.848078e-01  9.975641e-01  
          9.986295e-01  9.993908e-01  9.998477e-01  1.000000e+00  
SP111 D   0.000000e+00  4.132110e-12  1.586350e-11  3.048160e-11  4.517900e-11  
          5.639920e-11  6.647830e-11  7.184590e-11  7.981510e-11  9.252590e-11  
          1.081280e-09  3.157860e-09  3.788580e-09  1.866500e-09  
SI112 H   6.123234e-17  1.736482e-01  3.420201e-01  5.000000e-01  6.427876e-01  
          7.660444e-01  8.660254e-01  9.396926e-01  9.848078e-01  9.975641e-01  
          9.986295e-01  9.993908e-01  9.998477e-01  1.000000e+00  
SP112 D   0.000000e+00  4.090480e-12  1.497050e-11  2.864540e-11  4.165030e-11  
          5.303200e-11  6.044360e-11  6.577130e-11  7.090480e-11  8.206380e-11  
          7.944690e-10  2.176490e-09  2.581280e-09  1.284640e-09  
SI113 H   6.123234e-17  1.736482e-01  3.420201e-01  5.000000e-01  6.427876e-01  
          7.660444e-01  8.660254e-01  9.396926e-01  9.848078e-01  9.975641e-01  
          9.986295e-01  9.993908e-01  9.998477e-01  1.000000e+00  
SP113 D   0.000000e+00  1.711900e-12  6.399530e-12  1.208750e-11  1.772050e-11  
          2.240050e-11  2.588810e-11  2.798800e-11  3.006930e-11  4.158520e-11  
          2.524850e-10  8.600410e-10  9.137520e-10  4.688510e-10  
SI114 H   6.123234e-17  1.736482e-01  3.420201e-01  5.000000e-01  6.427876e-01  
          7.660444e-01  8.660254e-01  9.396926e-01  9.848078e-01  9.975641e-01  
          9.986295e-01  9.993908e-01  9.998477e-01  1.000000e+00  
SP114 D   0.000000e+00  3.494440e-13  1.364800e-12  2.593750e-12  3.861000e-12  
          4.850470e-12  5.531360e-12  5.999620e-12  6.841160e-12  7.421600e-12  
          5.667160e-11  1.528690e-10  1.953730e-10  9.380680e-11  
SI115 H   6.123234e-17  1.736482e-01  3.420201e-01  5.000000e-01  6.427876e-01  
          7.660444e-01  8.660254e-01  9.396926e-01  9.848078e-01  9.975641e-01  
          9.986295e-01  9.993908e-01  9.998477e-01  1.000000e+00  
SP115 D   0.000000e+00  8.039950e-13  3.007710e-12  5.735120e-12  8.279850e-12  
          1.046910e-11  1.190950e-11  1.276290e-11  1.400940e-11  1.488030e-11  
          1.286160e-10  3.356630e-10  4.260590e-10  2.073680e-10  
SI116 H   6.123234e-17  1.736482e-01  3.420201e-01  5.000000e-01  6.427876e-01  
          7.660444e-01  8.660254e-01  9.396926e-01  9.848078e-01  9.975641e-01  
          9.986295e-01  9.993908e-01  9.998477e-01  1.000000e+00  
SP116 D   0.000000e+00  1.225150e-12  4.714030e-12  9.127590e-12  1.351020e-11  
          1.699970e-11  1.915240e-11  2.073040e-11  2.209350e-11  3.273880e-11  
          1.806570e-10  5.536020e-10  6.454290e-10  2.997690e-10  
SI117 H   6.123234e-17  1.736482e-01  3.420201e-01  5.000000e-01  6.427876e-01  
          7.660444e-01  8.660254e-01  9.396926e-01  9.848078e-01  9.975641e-01  
          9.986295e-01  9.993908e-01  9.998477e-01  1.000000e+00  
SP117 D   0.000000e+00  8.890620e-13  3.297710e-12  6.207990e-12  9.166350e-12  
          1.164520e-11  1.334420e-11  1.409410e-11  1.515650e-11  1.701460e-11  
          1.112820e-10  3.187420e-10  4.151500e-10  2.045840e-10  
SI118 H   6.123234e-17  1.736482e-01  3.420201e-01  5.000000e-01  6.427876e-01  
          7.660444e-01  8.660254e-01  9.396926e-01  9.848078e-01  9.975641e-01  
          9.986295e-01  9.993908e-01  9.998477e-01  1.000000e+00  
SP118 D   0.000000e+00  2.382630e-12  9.145040e-12  1.737170e-11  2.498800e-11  
          3.192680e-11  3.630290e-11  3.888970e-11  4.058470e-11  4.741850e-11  
          3.241980e-10  8.980140e-10  1.024910e-09  5.224560e-10  
SI119 H   6.123234e-17  1.736482e-01  3.420201e-01  5.000000e-01  6.427876e-01  
          7.660444e-01  8.660254e-01  9.396926e-01  9.848078e-01  9.975641e-01  
          9.986295e-01  9.993908e-01  9.998477e-01  1.000000e+00  
SP119 D   0.000000e+00  1.205140e-11  4.535770e-11  8.603340e-11  1.255340e-10  
          1.605400e-10  1.834170e-10  1.946600e-10  2.040960e-10  2.549240e-10  
          1.368000e-09  3.493860e-09  4.140340e-09  2.101880e-09  
SI120 H   6.123234e-17  1.736482e-01  3.420201e-01  5.000000e-01  6.427876e-01  
          7.660444e-01  8.660254e-01  9.396926e-01  9.848078e-01  9.975641e-01  
          9.986295e-01  9.993908e-01  9.998477e-01  1.000000e+00  
SP120 D   0.000000e+00  7.073680e-12  2.629620e-11  4.921870e-11  7.223220e-11  
          9.228460e-11  1.057320e-10  1.119040e-10  1.172420e-10  1.413810e-10  
          5.987960e-10  1.598010e-09  1.857670e-09  9.507830e-10  
SI121 H   6.123234e-17  1.736482e-01  3.420201e-01  5.000000e-01  6.427876e-01  
          7.660444e-01  8.660254e-01  9.396926e-01  9.848078e-01  9.975641e-01  
          9.986295e-01  9.993908e-01  9.998477e-01  1.000000e+00  
SP121 D   0.000000e+00  9.493530e-12  3.526510e-11  6.589480e-11  9.620230e-11  
          1.220460e-10  1.394860e-10  1.480380e-10  1.544770e-10  1.863880e-10  
          6.961010e-10  1.783670e-09  2.103740e-09  1.046230e-09  
SI122 H   6.123234e-17  1.736482e-01  3.420201e-01  5.000000e-01  6.427876e-01  
          7.660444e-01  8.660254e-01  9.396926e-01  9.848078e-01  9.975641e-01  
          9.986295e-01  9.993908e-01  9.998477e-01  1.000000e+00  
SP122 D   0.000000e+00  8.964780e-12  3.269280e-11  6.194960e-11  9.090480e-11  
          1.152400e-10  1.317140e-10  1.393680e-10  1.471520e-10  1.744350e-10  
          5.797650e-10  1.423840e-09  1.683840e-09  8.264920e-10  
SI123 H   6.123234e-17  1.736482e-01  3.420201e-01  5.000000e-01  6.427876e-01  
          7.660444e-01  8.660254e-01  9.396926e-01  9.848078e-01  9.975641e-01  
          9.986295e-01  9.993908e-01  9.998477e-01  1.000000e+00  
SP123 D   0.000000e+00  6.233220e-11  2.262900e-10  4.256860e-10  6.256510e-10  
          7.938530e-10  9.094830e-10  9.612220e-10  1.002870e-09  1.177750e-09  
          2.934020e-09  6.992640e-09  8.025100e-09  3.882050e-09  
SI124 H   6.123234e-17  1.736482e-01  3.420201e-01  5.000000e-01  6.427876e-01  
          7.660444e-01  8.660254e-01  9.396926e-01  9.848078e-01  9.975641e-01  
          9.986295e-01  9.993908e-01  9.998477e-01  1.000000e+00  
SP124 D   0.000000e+00  5.038600e-11  1.802190e-10  3.387810e-10  4.985700e-10  
          6.344460e-10  7.265820e-10  7.683170e-10  7.990680e-10  9.296170e-10  
          1.800850e-09  3.986220e-09  4.410980e-09  2.129100e-09  
SI125 H   6.123234e-17  1.736482e-01  3.420201e-01  5.000000e-01  6.427876e-01  
          7.660444e-01  8.660254e-01  9.396926e-01  9.848078e-01  9.975641e-01  
          9.986295e-01  9.993908e-01  9.998477e-01  1.000000e+00  
SP125 D   0.000000e+00  1.708170e-10  6.102620e-10  1.142840e-09  1.686720e-09  
          2.153450e-09  2.469950e-09  2.607370e-09  2.704840e-09  3.106250e-09  
          4.704540e-09  9.784500e-09  1.061260e-08  5.106590e-09  
SI126 H   6.123234e-17  1.736482e-01  3.420201e-01  5.000000e-01  6.427876e-01  
          7.660444e-01  8.660254e-01  9.396926e-01  9.848078e-01  9.975641e-01  
          9.986295e-01  9.993908e-01  9.998477e-01  1.000000e+00  
SP126 D   0.000000e+00  2.627360e-10  9.323650e-10  1.737560e-09  2.561260e-09  
          3.269960e-09  3.757450e-09  3.975690e-09  4.125320e-09  4.701930e-09  
          5.771000e-09  1.075350e-08  1.148220e-08  5.542110e-09  
SI127 H   6.123234e-17  1.736482e-01  3.420201e-01  5.000000e-01  6.427876e-01  
          7.660444e-01  8.660254e-01  9.396926e-01  9.848078e-01  9.975641e-01  
          9.986295e-01  9.993908e-01  9.998477e-01  1.000000e+00  
SP127 D   0.000000e+00  1.528820e-09  5.354720e-09  9.887870e-09  1.447420e-08  
          1.839980e-08  2.108590e-08  2.227020e-08  2.304240e-08  2.616670e-08  
          2.642520e-08  4.573190e-08  4.675400e-08  2.196420e-08  
SI128 H   6.123234e-17  1.736482e-01  3.420201e-01  5.000000e-01  6.427876e-01  
          7.660444e-01  8.660254e-01  9.396926e-01  9.848078e-01  9.975641e-01  
          9.986295e-01  9.993908e-01  9.998477e-01  1.000000e+00  
SP128 D   0.000000e+00  7.454170e-10  2.667740e-09  4.836800e-09  6.993870e-09  
          8.834300e-09  1.006570e-08  1.056830e-08  1.085610e-08  1.225520e-08  
          1.193110e-08  2.024390e-08  2.048770e-08  9.605930e-09  
SI129 H   6.123234e-17  1.736482e-01  3.420201e-01  5.000000e-01  6.427876e-01  
          7.660444e-01  8.660254e-01  9.396926e-01  9.848078e-01  9.975641e-01  
          9.986295e-01  9.993908e-01  9.998477e-01  1.000000e+00  
SP129 D   0.000000e+00  2.163300e-09  7.850750e-09  1.515720e-08  2.236250e-08  
          2.802420e-08  3.148980e-08  3.253480e-08  3.288350e-08  3.792570e-08  
          3.995530e-08  6.815600e-08  6.947750e-08  3.263270e-08  
SI130 H   6.123234e-17  1.736482e-01  3.420201e-01  5.000000e-01  6.427876e-01  
          7.660444e-01  8.660254e-01  9.396926e-01  9.848078e-01  9.975641e-01  
          9.986295e-01  9.993908e-01  9.998477e-01  1.000000e+00  
SP130 D   0.000000e+00  1.580100e-09  6.090980e-09  1.275660e-08  2.131690e-08  
          2.799970e-08  3.090790e-08  3.040770e-08  2.952250e-08  3.763930e-08  
          4.241090e-08  7.068130e-08  7.116450e-08  3.329630e-08  
SI131 H   6.123234e-17  1.736482e-01  3.420201e-01  5.000000e-01  6.427876e-01  
          7.660444e-01  8.660254e-01  9.396926e-01  9.848078e-01  9.975641e-01  
          9.986295e-01  9.993908e-01  9.998477e-01  1.000000e+00  
SP131 D   0.000000e+00  1.149840e-09  4.923040e-09  1.230530e-08  2.391580e-08  
          3.432200e-08  4.139780e-08  4.298840e-08  4.067670e-08  5.751420e-08  
          5.623440e-08  8.633380e-08  8.464980e-08  3.918490e-08  
SI132 H   6.123234e-17  1.736482e-01  3.420201e-01  5.000000e-01  6.427876e-01  
          7.660444e-01  8.660254e-01  9.396926e-01  9.848078e-01  9.975641e-01  
          9.986295e-01  9.993908e-01  9.998477e-01  1.000000e+00  
SP132 D   0.000000e+00  3.230620e-10  1.442640e-09  4.048630e-09  9.275890e-09  
          1.563230e-08  2.403060e-08  3.401960e-08  3.591430e-08  3.600050e-08  
          1.969510e-08  2.626620e-08  2.423460e-08  1.081060e-08  
