c ******************************************************************************
c                             SOURCE SPECIFICATION                              
c ******************************************************************************
SDEF ERG=D1 RAD=D2  AXS=0 0 1  POS=D3  EXT=FPOS=D5 
SP1 -3
SI2   0  1.8669
SP2 -21  1
SI3  L     3.121883   2.586013  0.0000       3.800495  -1.410623  0.0000
           0.678612  -3.996636  0.0000      -3.121883  -2.586013  0.0000
          -3.800495   1.410623  0.0000      -0.678612   3.996636  0.0000
           6.145963   5.091011  0.0000       7.868066   1.335964  0.0000
           7.481927  -2.777054  0.0000       5.091011  -6.145963  0.0000
           1.335964  -7.868066  0.0000      -2.777054  -7.481927  0.0000
          -7.868066  -1.335964  0.0000      -7.481927   2.777054  0.0000
          -5.091011   6.145963  0.0000      -1.335964   7.868066  0.0000
           2.777054   7.481927  0.0000       9.199383   7.620314  0.0000
          11.250894   4.014378  0.0000      11.945380  -0.075751  0.0000
           9.102000  -7.736370  0.0000       5.907088 -10.382877  0.0000
           1.999694 -11.777056  0.0000      -2.148893 -11.750749  0.0000
          -6.038292 -10.307127  0.0000      -9.199383  -7.620314  0.0000
         -11.250894  -4.014378  0.0000     -11.945380   0.075751  0.0000
         -11.199077   4.156742  0.0000      -9.102000   7.736370  0.0000
          -5.907088  10.382877  0.0000       2.148893  11.750749  0.0000
           6.038292  10.307127  0.0000      14.466832   6.634635  0.0000
          15.691056   2.664274  0.0000      15.845961  -1.487653  0.0000
          14.920990  -5.538199  0.0000      12.979179  -9.211326  0.0000
          10.152857 -12.256716  0.0000       6.634635 -14.466832  0.0000
           2.664274 -15.691056  0.0000      -1.487653 -15.845961  0.0000
          -5.538199 -14.920990  0.0000      -9.211326 -12.979179  0.0000
         -12.256716 -10.152857  0.0000     -14.466832  -6.634635  0.0000
         -15.691056  -2.664274  0.0000     -15.845961   1.487653  0.0000
         -14.920990   5.538199  0.0000     -12.979179   9.211326  0.0000
         -10.152857  12.256716  0.0000      -6.634635  14.466832  0.0000
          -2.664274  15.691056  0.0000       1.487653  15.845961  0.0000
           5.538199  14.920990  0.0000       9.211326  12.979179  0.0000
          15.316005  12.687021  0.0000      17.619093   9.225402  0.0000
          19.152143   5.360590  0.0000      19.848152   1.261493  0.0000
          19.676701  -2.892736  0.0000      18.645284  -6.920539  0.0000
          16.798979 -10.645881  0.0000      14.218478 -13.905947  0.0000
          11.016561 -16.558257  0.0000       3.329279 -19.607559  0.0000
          -0.820114 -19.871283  0.0000      -4.933665 -19.266538  0.0000
          -8.831591 -17.819751  0.0000     -12.343534 -15.594155  0.0000
         -15.316005 -12.687021  0.0000     -17.619093  -9.225402  0.0000
         -19.152143  -5.360590  0.0000     -19.848152  -1.261493  0.0000
         -19.676701   2.892736  0.0000     -18.645284   6.920539  0.0000
         -16.798979  10.645881  0.0000     -14.218478  13.905947  0.0000
         -11.016561  16.558257  0.0000      -7.333167  18.486891  0.0000
          -3.329279  19.607559  0.0000       0.820114  19.871283  0.0000
           4.933665  19.266538  0.0000       8.831591  17.819751  0.0000
          12.343534  15.594155  0.0000
SP3       12.888540  12.818680  14.034930  16.044670  14.361910
          13.134620  10.707451  10.735753   9.720790  11.764750
          12.813460  15.621980  15.536000  13.653520  12.730190
          10.678500  11.040779   8.568636   8.675308   7.567440
           8.680720  10.396044  11.619410  12.568620  13.445340
          14.135010  13.741520  13.221730  12.652750  11.766770
           9.878205   8.565274   8.971678   6.211484   6.598888
           6.070626   5.763332   6.928482   8.047083   8.967637
           9.781396  10.291277  10.675300  10.733110  10.657730
          11.158060  10.861130  11.088050  10.384870   9.839594
           9.111963   7.926564   6.858617   6.996310   7.116448
           6.615234   4.919071   4.959257   4.990899   4.967203
           4.948176   4.952617   5.716737   5.992301   6.981035
           7.885199   7.683075   8.428431   8.900708   8.805337
           9.179130   9.338846   9.383957   8.968991   8.515944
           8.713837   8.015738   7.973371   7.470658   6.811665
           5.938480   6.101704   5.875097   5.474106   5.056876
DS5  S   100  101  102  103  104
         105  106  107  108  109
         110  111  112  113  114
         115  116  117  118  119
         120  121  122  123  124
         125  126  127  128  129
         130  131  132  133  134
         135  136  137  138  139
         140  141  142  143  144
         145  146  147  148  149
         150  151  152  153  154
         155  156  157  158  159
         160  161  162  163  164
         165  166  167  168  169
         170  171  172  173  174
         175  176  177  178  179
         180  181  182  183  184
SI100  H   -19.051000 -13.607857  -8.164714  -2.721571
             2.721571   8.164714  13.607857  19.051000
SP100  D     0.000000   1.240810   1.780490   2.202120
             2.296010   2.148310   1.852160   1.368640
SI101  H   -19.051000 -13.607857  -8.164714  -2.721571
             2.721571   8.164714  13.607857  19.051000
SP101  D     0.000000   1.248720   1.771480   2.196870
             2.260620   2.136830   1.841560   1.362600
SI102  H   -19.051000 -13.607857  -8.164714  -2.721571
             2.721571   8.164714  13.607857  19.051000
SP102  D     0.000000   1.388750   1.978190   2.423320
             2.491730   2.324300   1.984590   1.444050
SI103  H   -19.051000 -13.607857  -8.164714  -2.721571
             2.721571   8.164714  13.607857  19.051000
SP103  D     0.000000   1.584330   2.273060   2.775340
             2.860830   2.670350   2.246720   1.634040
SI104  H   -19.051000 -13.607857  -8.164714  -2.721571
             2.721571   8.164714  13.607857  19.051000
SP104  D     0.000000   1.409150   2.032350   2.472330
             2.548990   2.389360   2.023750   1.485980
SI105  H   -19.051000 -13.607857  -8.164714  -2.721571
             2.721571   8.164714  13.607857  19.051000
SP105  D     0.000000   1.275460   1.816140   2.220230
             2.319010   2.193950   1.899810   1.410020
SI106  H   -19.051000 -13.607857  -8.164714  -2.721571
             2.721571   8.164714  13.607857  19.051000
SP106  D     0.000000   0.983671   1.416290   1.724620
             1.882580   1.860050   1.616180   1.224060
SI107  H   -19.051000 -13.607857  -8.164714  -2.721571
             2.721571   8.164714  13.607857  19.051000
SP107  D     0.000000   0.983973   1.412280   1.726010
             1.878320   1.851670   1.643000   1.240500
SI108  H   -19.051000 -13.607857  -8.164714  -2.721571
             2.721571   8.164714  13.607857  19.051000
SP108  D     0.000000   0.860820   1.217580   1.502210
             1.620310   1.600660   1.609430   1.309780
SI109  H   -19.051000 -13.607857  -8.164714  -2.721571
             2.721571   8.164714  13.607857  19.051000
SP109  D     0.000000   1.098190   1.558920   1.903540
             2.069680   2.020630   1.780920   1.332870
SI110  H   -19.051000 -13.607857  -8.164714  -2.721571
             2.721571   8.164714  13.607857  19.051000
SP110  D     0.000000   1.209880   1.731920   2.124260
             2.299300   2.206310   1.878030   1.363760
SI111  H   -19.051000 -13.607857  -8.164714  -2.721571
             2.721571   8.164714  13.607857  19.051000
SP111  D     0.000000   1.500680   2.143850   2.609500
             2.793960   2.686950   2.257940   1.629100
SI112  H   -19.051000 -13.607857  -8.164714  -2.721571
             2.721571   8.164714  13.607857  19.051000
SP112  D     0.000000   1.503940   2.137100   2.585830
             2.771910   2.673230   2.249750   1.614240
SI113  H   -19.051000 -13.607857  -8.164714  -2.721571
             2.721571   8.164714  13.607857  19.051000
SP113  D     0.000000   1.300860   1.843760   2.253190
             2.422590   2.359200   2.017790   1.456130
SI114  H   -19.051000 -13.607857  -8.164714  -2.721571
             2.721571   8.164714  13.607857  19.051000
SP114  D     0.000000   1.172240   1.689450   2.069160
             2.229930   2.200640   1.936300   1.432470
SI115  H   -19.051000 -13.607857  -8.164714  -2.721571
             2.721571   8.164714  13.607857  19.051000
SP115  D     0.000000   0.900680   1.295960   1.581080
             1.738270   1.868810   1.866140   1.427560
SI116  H   -19.051000 -13.607857  -8.164714  -2.721571
             2.721571   8.164714  13.607857  19.051000
SP116  D     0.000000   0.984409   1.421010   1.766630
             1.932700   1.935320   1.716200   1.284510
SI117  H   -19.051000 -13.607857  -8.164714  -2.721571
             2.721571   8.164714  13.607857  19.051000
SP117  D     0.000000   0.755796   1.075380   1.324760
             1.450130   1.458330   1.395070   1.109170
SI118  H   -19.051000 -13.607857  -8.164714  -2.721571
             2.721571   8.164714  13.607857  19.051000
SP118  D     0.000000   0.797668   1.125550   1.371070
             1.519180   1.488820   1.346320   1.026700
SI119  H   -19.051000 -13.607857  -8.164714  -2.721571
             2.721571   8.164714  13.607857  19.051000
SP119  D     0.000000   0.660159   0.927451   1.138370
             1.237210   1.251770   1.271860   1.080620
SI120  H   -19.051000 -13.607857  -8.164714  -2.721571
             2.721571   8.164714  13.607857  19.051000
SP120  D     0.000000   0.766970   1.094760   1.338320
             1.431970   1.427790   1.432130   1.188780
SI121  H   -19.051000 -13.607857  -8.164714  -2.721571
             2.721571   8.164714  13.607857  19.051000
SP121  D     0.000000   0.988404   1.388610   1.704140
             1.833380   1.790160   1.548360   1.142990
SI122  H   -19.051000 -13.607857  -8.164714  -2.721571
             2.721571   8.164714  13.607857  19.051000
SP122  D     0.000000   1.105900   1.587170   1.919950
             2.085080   2.007870   1.683780   1.229660
SI123  H   -19.051000 -13.607857  -8.164714  -2.721571
             2.721571   8.164714  13.607857  19.051000
SP123  D     0.000000   1.213130   1.721570   2.091460
             2.254170   2.163250   1.812860   1.312180
SI124  H   -19.051000 -13.607857  -8.164714  -2.721571
             2.721571   8.164714  13.607857  19.051000
SP124  D     0.000000   1.303210   1.843230   2.256210
             2.427510   2.300350   1.916660   1.398170
SI125  H   -19.051000 -13.607857  -8.164714  -2.721571
             2.721571   8.164714  13.607857  19.051000
SP125  D     0.000000   1.357880   1.951570   2.362290
             2.535050   2.426420   2.044120   1.457680
SI126  H   -19.051000 -13.607857  -8.164714  -2.721571
             2.721571   8.164714  13.607857  19.051000
SP126  D     0.000000   1.314340   1.889450   2.300200
             2.458190   2.352090   1.991740   1.435510
SI127  H   -19.051000 -13.607857  -8.164714  -2.721571
             2.721571   8.164714  13.607857  19.051000
SP127  D     0.000000   1.266950   1.801210   2.223460
             2.367540   2.271130   1.909470   1.381970
SI128  H   -19.051000 -13.607857  -8.164714  -2.721571
             2.721571   8.164714  13.607857  19.051000
SP128  D     0.000000   1.200200   1.708320   2.107500
             2.270900   2.175250   1.847410   1.343170
SI129  H   -19.051000 -13.607857  -8.164714  -2.721571
             2.721571   8.164714  13.607857  19.051000
SP129  D     0.000000   1.093100   1.560950   1.919380
             2.076840   2.054900   1.771850   1.289750
SI130  H   -19.051000 -13.607857  -8.164714  -2.721571
             2.721571   8.164714  13.607857  19.051000
SP130  D     0.000000   0.842535   1.189060   1.460510
             1.602850   1.732130   1.733250   1.317870
SI131  H   -19.051000 -13.607857  -8.164714  -2.721571
             2.721571   8.164714  13.607857  19.051000
SP131  D     0.000000   0.696884   0.993250   1.246930
             1.366000   1.498310   1.563870   1.200030
SI132  H   -19.051000 -13.607857  -8.164714  -2.721571
             2.721571   8.164714  13.607857  19.051000
SP132  D     0.000000   0.806038   1.147420   1.419120
             1.552010   1.558360   1.409940   1.078790
SI133  H   -19.051000 -13.607857  -8.164714  -2.721571
             2.721571   8.164714  13.607857  19.051000
SP133  D     0.000000   0.559501   0.778096   0.957472
             1.032080   1.035130   1.006880   0.842325
SI134  H   -19.051000 -13.607857  -8.164714  -2.721571
             2.721571   8.164714  13.607857  19.051000
SP134  D     0.000000   0.620698   0.864578   1.049290
             1.138720   1.118170   1.002010   0.805422
SI135  H   -19.051000 -13.607857  -8.164714  -2.721571
             2.721571   8.164714  13.607857  19.051000
SP135  D     0.000000   0.559296   0.782516   0.937998
             1.012590   1.001100   0.965929   0.811197
SI136  H   -19.051000 -13.607857  -8.164714  -2.721571
             2.721571   8.164714  13.607857  19.051000
SP136  D     0.000000   0.495705   0.697040   0.850944
             0.911133   0.910926   0.999580   0.898004
SI137  H   -19.051000 -13.607857  -8.164714  -2.721571
             2.721571   8.164714  13.607857  19.051000
SP137  D     0.000000   0.633242   0.896897   1.091350
             1.180260   1.148710   1.089880   0.888143
SI138  H   -19.051000 -13.607857  -8.164714  -2.721571
             2.721571   8.164714  13.607857  19.051000
SP138  D     0.000000   0.757528   1.077210   1.310030
             1.417380   1.373930   1.201840   0.909165
SI139  H   -19.051000 -13.607857  -8.164714  -2.721571
             2.721571   8.164714  13.607857  19.051000
SP139  D     0.000000   0.873329   1.214790   1.470180
             1.579080   1.535900   1.314520   0.979838
SI140  H   -19.051000 -13.607857  -8.164714  -2.721571
             2.721571   8.164714  13.607857  19.051000
SP140  D     0.000000   0.953616   1.323850   1.612890
             1.763720   1.677750   1.408400   1.041170
SI141  H   -19.051000 -13.607857  -8.164714  -2.721571
             2.721571   8.164714  13.607857  19.051000
SP141  D     0.000000   0.991547   1.389610   1.709210
             1.864890   1.776060   1.478560   1.081400
SI142  H   -19.051000 -13.607857  -8.164714  -2.721571
             2.721571   8.164714  13.607857  19.051000
SP142  D     0.000000   1.050740   1.448210   1.786940
             1.924130   1.830350   1.527080   1.107850
SI143  H   -19.051000 -13.607857  -8.164714  -2.721571
             2.721571   8.164714  13.607857  19.051000
SP143  D     0.000000   1.059530   1.480030   1.791990
             1.909750   1.826780   1.538160   1.126870
SI144  H   -19.051000 -13.607857  -8.164714  -2.721571
             2.721571   8.164714  13.607857  19.051000
SP144  D     0.000000   1.041240   1.475110   1.782960
             1.903470   1.821120   1.521030   1.112800
SI145  H   -19.051000 -13.607857  -8.164714  -2.721571
             2.721571   8.164714  13.607857  19.051000
SP145  D     0.000000   1.085020   1.524340   1.862290
             2.004110   1.923640   1.591860   1.166800
SI146  H   -19.051000 -13.607857  -8.164714  -2.721571
             2.721571   8.164714  13.607857  19.051000
SP146  D     0.000000   1.061870   1.503500   1.823790
             1.926690   1.854020   1.555560   1.135700
SI147  H   -19.051000 -13.607857  -8.164714  -2.721571
             2.721571   8.164714  13.607857  19.051000
SP147  D     0.000000   1.061120   1.514880   1.856740
             1.997570   1.900750   1.590090   1.166900
SI148  H   -19.051000 -13.607857  -8.164714  -2.721571
             2.721571   8.164714  13.607857  19.051000
SP148  D     0.000000   1.009930   1.425390   1.711290
             1.843390   1.776640   1.509860   1.108370
SI149  H   -19.051000 -13.607857  -8.164714  -2.721571
             2.721571   8.164714  13.607857  19.051000
SP149  D     0.000000   0.950904   1.309120   1.603870
             1.732910   1.704140   1.462490   1.076160
SI150  H   -19.051000 -13.607857  -8.164714  -2.721571
             2.721571   8.164714  13.607857  19.051000
SP150  D     0.000000   0.850653   1.195280   1.468240
             1.585880   1.576580   1.393540   1.041790
SI151  H   -19.051000 -13.607857  -8.164714  -2.721571
             2.721571   8.164714  13.607857  19.051000
SP151  D     0.000000   0.701169   0.982535   1.195040
             1.342920   1.385670   1.308830   1.010400
SI152  H   -19.051000 -13.607857  -8.164714  -2.721571
             2.721571   8.164714  13.607857  19.051000
SP152  D     0.000000   0.543686   0.766733   0.934398
             1.037380   1.209110   1.314340   1.052970
SI153  H   -19.051000 -13.607857  -8.164714  -2.721571
             2.721571   8.164714  13.607857  19.051000
SP153  D     0.000000   0.594471   0.845097   1.038660
             1.159450   1.225890   1.195440   0.937302
SI154  H   -19.051000 -13.607857  -8.164714  -2.721571
             2.721571   8.164714  13.607857  19.051000
SP154  D     0.000000   0.632838   0.896384   1.125800
             1.209690   1.233100   1.134010   0.884626
SI155  H   -19.051000 -13.607857  -8.164714  -2.721571
             2.721571   8.164714  13.607857  19.051000
SP155  D     0.000000   0.578956   0.821260   1.011470
             1.092560   1.111740   1.101500   0.897748
SI156  H   -19.051000 -13.607857  -8.164714  -2.721571
             2.721571   8.164714  13.607857  19.051000
SP156  D     0.000000   0.442761   0.605486   0.729371
             0.797214   0.796234   0.821341   0.726664
SI157  H   -19.051000 -13.607857  -8.164714  -2.721571
             2.721571   8.164714  13.607857  19.051000
SP157  D     0.000000   0.481972   0.643905   0.772660
             0.827283   0.816610   0.765431   0.651396
SI158  H   -19.051000 -13.607857  -8.164714  -2.721571
             2.721571   8.164714  13.607857  19.051000
SP158  D     0.000000   0.511810   0.681525   0.817120
             0.847381   0.804800   0.722670   0.605593
SI159  H   -19.051000 -13.607857  -8.164714  -2.721571
             2.721571   8.164714  13.607857  19.051000
SP159  D     0.000000   0.522488   0.702226   0.829266
             0.833380   0.786053   0.702806   0.590984
SI160  H   -19.051000 -13.607857  -8.164714  -2.721571
             2.721571   8.164714  13.607857  19.051000
SP160  D     0.000000   0.525588   0.684724   0.814284
             0.832223   0.778416   0.700895   0.612046
SI161  H   -19.051000 -13.607857  -8.164714  -2.721571
             2.721571   8.164714  13.607857  19.051000
SP161  D     0.000000   0.514878   0.668464   0.796685
             0.835203   0.792800   0.726601   0.617986
SI162  H   -19.051000 -13.607857  -8.164714  -2.721571
             2.721571   8.164714  13.607857  19.051000
SP162  D     0.000000   0.566898   0.750696   0.924056
             0.987414   0.949416   0.840948   0.697309
SI163  H   -19.051000 -13.607857  -8.164714  -2.721571
             2.721571   8.164714  13.607857  19.051000
SP163  D     0.000000   0.608311   0.804952   0.957928
             1.032240   1.003890   0.884295   0.700685
SI164  H   -19.051000 -13.607857  -8.164714  -2.721571
             2.721571   8.164714  13.607857  19.051000
SP164  D     0.000000   0.712566   0.939110   1.126320
             1.220220   1.173220   1.009710   0.799889
SI165  H   -19.051000 -13.607857  -8.164714  -2.721571
             2.721571   8.164714  13.607857  19.051000
SP165  D     0.000000   0.801194   1.069120   1.278120
             1.373320   1.328310   1.150900   0.884235
SI166  H   -19.051000 -13.607857  -8.164714  -2.721571
             2.721571   8.164714  13.607857  19.051000
SP166  D     0.000000   0.781037   1.039630   1.250060
             1.357440   1.297100   1.104940   0.852868
SI167  H   -19.051000 -13.607857  -8.164714  -2.721571
             2.721571   8.164714  13.607857  19.051000
SP167  D     0.000000   0.854946   1.149160   1.386230
             1.486630   1.421120   1.213700   0.916645
SI168  H   -19.051000 -13.607857  -8.164714  -2.721571
             2.721571   8.164714  13.607857  19.051000
SP168  D     0.000000   0.889170   1.205360   1.481720
             1.579610   1.499570   1.278510   0.966768
SI169  H   -19.051000 -13.607857  -8.164714  -2.721571
             2.721571   8.164714  13.607857  19.051000
SP169  D     0.000000   0.896301   1.209310   1.454140
             1.550150   1.476340   1.259320   0.959776
SI170  H   -19.051000 -13.607857  -8.164714  -2.721571
             2.721571   8.164714  13.607857  19.051000
SP170  D     0.000000   0.924010   1.250790   1.508940
             1.614060   1.558530   1.318160   1.004640
SI171  H   -19.051000 -13.607857  -8.164714  -2.721571
             2.721571   8.164714  13.607857  19.051000
SP171  D     0.000000   0.949956   1.275000   1.532850
             1.647220   1.586100   1.335570   1.012150
SI172  H   -19.051000 -13.607857  -8.164714  -2.721571
             2.721571   8.164714  13.607857  19.051000
SP172  D     0.000000   0.962427   1.281950   1.560570
             1.640860   1.575270   1.348560   1.014320
SI173  H   -19.051000 -13.607857  -8.164714  -2.721571
             2.721571   8.164714  13.607857  19.051000
SP173  D     0.000000   0.915217   1.239670   1.465850
             1.564670   1.512200   1.280340   0.991044
SI174  H   -19.051000 -13.607857  -8.164714  -2.721571
             2.721571   8.164714  13.607857  19.051000
SP174  D     0.000000   0.863225   1.160890   1.389150
             1.471810   1.435740   1.239090   0.956039
SI175  H   -19.051000 -13.607857  -8.164714  -2.721571
             2.721571   8.164714  13.607857  19.051000
SP175  D     0.000000   0.880498   1.190390   1.416150
             1.522270   1.474850   1.271410   0.958269
SI176  H   -19.051000 -13.607857  -8.164714  -2.721571
             2.721571   8.164714  13.607857  19.051000
SP176  D     0.000000   0.812146   1.084780   1.287720
             1.395390   1.348270   1.179330   0.908102
SI177  H   -19.051000 -13.607857  -8.164714  -2.721571
             2.721571   8.164714  13.607857  19.051000
SP177  D     0.000000   0.770964   1.060600   1.298250
             1.390960   1.358230   1.185200   0.909167
SI178  H   -19.051000 -13.607857  -8.164714  -2.721571
             2.721571   8.164714  13.607857  19.051000
SP178  D     0.000000   0.708755   0.973808   1.198260
             1.311660   1.276690   1.124120   0.877365
SI179  H   -19.051000 -13.607857  -8.164714  -2.721571
             2.721571   8.164714  13.607857  19.051000
SP179  D     0.000000   0.640860   0.871099   1.074880
             1.168390   1.181020   1.047510   0.827906
SI180  H   -19.051000 -13.607857  -8.164714  -2.721571
             2.721571   8.164714  13.607857  19.051000
SP180  D     0.000000   0.564760   0.755948   0.920831
             0.996073   1.020310   0.929015   0.751543
SI181  H   -19.051000 -13.607857  -8.164714  -2.721571
             2.721571   8.164714  13.607857  19.051000
SP181  D     0.000000   0.573355   0.778829   0.948527
             1.047370   1.050320   0.942398   0.760905
SI182  H   -19.051000 -13.607857  -8.164714  -2.721571
             2.721571   8.164714  13.607857  19.051000
SP182  D     0.000000   0.558104   0.752273   0.906638
             0.998475   1.011100   0.911747   0.736760
SI183  H   -19.051000 -13.607857  -8.164714  -2.721571
             2.721571   8.164714  13.607857  19.051000
SP183  D     0.000000   0.519988   0.705394   0.842667
             0.926174   0.940647   0.851495   0.687741
SI184  H   -19.051000 -13.607857  -8.164714  -2.721571
             2.721571   8.164714  13.607857  19.051000
SP184  D     0.000000   0.481916   0.630222   0.772050
             0.837720   0.843882   0.809008   0.682078
