1.000000e-11
4.000000e-09
1.000000e-08
2.530000e-08
4.000000e-08
5.000000e-08
6.000000e-08
8.000000e-08
1.000000e-07
1.500000e-07
2.000000e-07
2.500000e-07
3.250000e-07
3.500000e-07
3.750000e-07
4.500000e-07
6.250000e-07
1.010000e-06
1.080000e-06
1.130000e-06
5.000000e-06
6.250000e-06
6.500000e-06
6.880000e-06
7.000000e-06
2.050000e-05
2.120000e-05
2.180000e-05
3.600000e-05
3.710000e-05
6.500000e-05
6.750000e-05
1.010000e-04
1.050000e-04
1.160000e-04
1.180000e-04
1.880000e-04
1.920000e-04
2.250000e-03
3.740000e-03
1.700000e-02
2.000000e-02
5.000000e-02
2.000000e-01
2.700000e-01
3.300000e-01
4.700000e-01
6.000000e-01
7.500000e-01
8.610000e-01
1.200000e+00
1.500000e+00
1.850000e+00
3.000000e+00
4.300000e+00
6.430000e+00
2.000000e+01
